:			Group	-	-	-	-	-	-	-	-	-	-	-	-	-	-	-	
Black	Dot	ID	Sex	fmal	fmal	fmal	fmar	fmar	fmar	fmtl	fmtl	fmtl	glb	glb	glb	nas	nas	nas	
Darkorange	Dot	2	1	-117,780699	272,630649	285,377005	-214,182	320,9781	287,9144	-113,132174	275,85752	284,384987	-169,5826	293,7138	312,5663	-171,0307	288,3755	303,5328	
Darkorange	Dot	5	1	-97,1038	144,2621	251,4461	-155,1239	220,6576	259,4795	-90,3605	144,7073	248,187	-123,8955	182,385	278,2355	-127,5772	178,6189	269,1419	
Darkorange	Dot	6	1	-112,2005	139,3879	254,8657	-168,8055	213,8517	256,993	-105,3904	138,6675	251,1544	-139,0854	177,016	277,1698	-146,2675	171,228	267,9753	
Darkorange	Dot	7	1	-87,7826	146,2805	248,411	-148,1076	218,9979	254,395	-81,4657	147,1047	248,267	-116,1596	181,0835	277,6025	-124,2328	175,8412	267,092	
Darkorange	Dot	8	1	-169,8651	135,1412	254,3666	-238,621	210,2565	263,1584	-160,6661	137,9572	251,3677	-203,2473	171,0743	279,951	-207,4013	167,9713	273,5595	
Darkorange	Dot	24	1	189,8937	256,288	371,1653	174,3352	149,4943	370,5914	187,5334	258,5723	365,7624	165,7019	205,6892	388,0463	174,396	203,8143	389,4855	
Darkorange	Dot	26	1	108,9627	254,1262	385,5659	143,8886	168,401	377,3766	106,5016	255,1598	381,9304	110,8004	203,3235	396,9471	120,5049	208,3667	394,9562	
Darkorange	Dot	27	1	202,5055	253,2335	383,0575	185,1565	143,757	380,9547	204,2409	256,9451	375,3308	179,15	205,5428	398,9446	189,155	204,0109	399,1485	
Darkorange	Dot	28	1	164,5957	262,7167	378,4476	149,9973	156,388	367,7181	161,0329	264,8106	373,9142	145,887	210,7462	390,6073	152,3611	210,7969	388,7958	
Darkorange	Dot	29	1	145,1119	280,2286	369,095	155,6945	185,9084	368,5192	141,873	282,6803	365,0237	136,1534	232,2107	384,4389	144,5707	232,0739	383,8191	
Darkorange	Dot	30	1	178,9456	250,0385	355,011	154,9126	153,2519	349,3128	177,2484	250,8145	350,4965	153,2664	204,522	367,6288	160,2991	202,4865	366,8874	
Darkorange	Dot	31	1	159,4935	284,7134	373,2454	166,0768	183,7874	375,9785	158,034	287,5935	367,8684	149,4717	233,8653	396,7274	161,2893	235,8109	392,1073	
Darkorange	Dot	34	1	168,4008	269,5792	375,8206	151,4977	162,1831	374,5721	165,6493	273,6183	370,6599	145,8027	217,7258	395,5539	151,5956	217,3856	392,4429	
Darkorange	Dot	38	1	146,7558	285,4297	371,7067	164,2906	187,3011	374,1719	145,8451	288,9151	365,1674	141,171	237,6999	391,7965	148,4033	237,1445	390,0415	
Darkorange	Dot	43	1	176,0401	235,6842	381,8654	161,461	134,7318	377,1162	175,6188	238,5145	377,8973	151,6076	188,1759	397,0631	163,7334	185,3534	392,3054	
Darkorange	Dot	49	1	155,3443	280,2774	363,2527	161,8878	188,3161	363,2441	153,0453	281,5754	358,2476	149,1794	233,4273	382,3085	156,3297	234,1661	379,7758	
Darkorange	Dot	52	1	185,6423	245,6873	378,5443	178,638	144,7345	385,1095	182,9784	247,6667	374,2017	165,5379	196,1685	398,1304	175,6436	195,7345	398,7096	
Darkorange	Dot	56	1	103,2734	279,1717	393,7203	152,7921	193,0797	395,6099	103,5659	276,8795	387,1525	114,0235	226,4667	411,9014	121,1928	230,8126	410,3961	
Darkorange	Dot	59	1	142,8108	242,1382	383,6838	131,1056	142,0157	379,4947	139,2064	245,1266	377,6722	122,1572	194,0622	403,1689	128,1823	193,4179	402,311	
Darkorange	Dot	60	1	137,0732	238,9508	391,1307	128,141	140,3412	381,0896	134,7147	241,8072	385,2073	116,2606	190,0863	403,155	122,0467	188,5104	402,0048	
Darkorange	Dot	61	1	196,989	248,721	379,5139	180,9486	143,3166	371,1157	192,7024	249,7775	375,3876	176,9137	194,7792	395,8639	185,2806	194,626	393,586	
Darkorange	Dot	62	1	142,3415	277,2896	359,6333	146,742	179,577	359,6056	139,543	279,7663	355,7179	130,6075	229,373	377,3215	137,3157	227,8908	376,4825	
Darkorange	Dot	66	1	204,8047	249,2457	359,0332	192,0154	150,7251	361,0798	207,2414	252,0482	355,5711	186,4721	201,5909	381,5849	195,6323	201,5303	378,6867	
Darkorange	Dot	67	1	145,472	280,9745	378,7488	152,1332	180,6284	380,6147	140,6393	282,9999	376,4685	134,005	230,2163	399,1484	139,7164	230,9931	397,9332	
Darkorange	Dot	77	1	150,0908	284,4179	377,8953	146,4319	179,2913	372,6429	151,5063	287,8836	368,4136	130,4382	230,9081	393,9349	137,4614	230,5573	394,3177	
Darkorange	Dot	81	1	228,2871	235,7468	377,7369	201,5521	128,1258	380,6643	224,4786	238,3285	371,9729	197,9025	185,7735	399,2535	206,4177	184,3055	397,7674	
Darkorange	Dot	82	1	152,5536	275,4711	367,1474	153,969	175,2086	364,038	149,9784	277,2552	361,2944	135,2038	223,3049	384,4512	144,1401	222,932	382,9865	
Darkorange	Dot	83	1	148,0682	270,0726	378,936	144,8032	170,96	370,4357	148,2042	272,2452	375,385	130,5739	220,8067	387,2688	138,1693	220,8237	386,4836	
Darkorange	Dot	84	1	149,4677	270,2994	377,7303	144,9782	172,0803	369,7684	151,5192	272,3019	372,4669	131,41	221,4507	386,6235	139,4537	220,0961	386,3404	
Darkorange	Dot	89	1	330,8884	120,7326	348,0173	284,0415	37,0436	350,2021	329,2164	123,9726	345,7253	303,8996	82,3479	373,9098	308,2235	80,2051	369,6504	
Darkorange	Dot	91	1	203,1481	251,8793	370,2676	185,3858	149,8597	372,8047	201,4167	253,665	363,8209	179,9866	205,2434	395,8118	188,1566	203,8383	394,1756	
Darkorange	Dot	92	1	99,1998	308,7858	376,7139	116,282	200,0745	377,5223	94,573	307,9066	372,3424	94,1086	252,6244	397,7476	99,7759	252,7089	397,1034	
Darkorange	Dot	93	1	153,2997	273,6469	380,0746	140,5928	172,7835	376,2021	155,5332	273,4785	375,9691	132,2572	223,1889	393,8203	140,9744	222,13	394,7243	
Darkorange	Dot	95	1	101,8158	303,4658	373,8511	116,6725	202,8667	371,112	98,6494	306,3665	367,3486	99,337	251,3067	389,6892	105,7468	253,6326	389,4132	
Darkorange	Dot	100	1	257,9853	150,7207	364,9135	198,1635	73,9015	370,3575	256,2834	155,6479	362,5748	216,4668	124,1783	388,0366	224,4796	117,7689	385,2669	
Darkorange	Dot	101	1	186,1647	251,4384	381,7471	174,1429	147,9636	377,0676	185,5198	255,8526	376,4964	159,992	199,8633	398,6856	167,2037	200,411	397,9899	
Darkorange	Dot	102	1	103,2757	306,6617	361,0189	120,0467	201,8209	355,4717	102,1183	308,8792	355,314	97,1718	252,5302	377,6949	104,8489	253,7565	376,9772	
Darkorange	Dot	104	1	187,587	248,7759	377,6224	176,207327	151,101231	376,04459	184,6542	251,6161	373,4996	163,9056	205,4723	391,9884	175,4437	200,8369	392,56	
Darkorange	Dot	105	1	239,8746	138,0854	364,5681	180,5189	58,1795	361,9133	237,9496	143,4442	362,2642	199,1527	105,745	384,2344	205,5009	101,7442	380,9369	
Darkorange	Dot	106	1	207,0596	234,5982	376,0389	182,9792	135,7899	382,6933	203,6746	237,5277	372,9744	180,6319	188,4886	393,6875	190,5903	187,1188	394,2192	
Darkorange	Dot	107	1	124,8962	277,3465	388,3622	105,1357	178,7261	387,8599	125,5143	278,5501	384,6326	99,6379	230,47	403,9065	111,1378	228,5829	403,4256	
Darkorange	Dot	108	1	225,0248	228,1617	378,7125	197,7973	127,7013	376,844	223,949	230,8435	373,8775	195,9401	183,9315	400,3974	203,8261	181,1124	399,2379	
Darkorange	Dot	109	1	235,3731	227,7651	382,2326	211,0697	126,9605	383,3104	233,7958	229,2416	378,6333	214,5834	178,7088	406,5704	221,83	177,2377	400,6106	
Darkorange	Dot	110	1	107,1427	307,8987	365,7761	115,1185	207,4399	370,8331	104,083	309,1291	363,4709	97,8959	255,724	388,7875	104,9653	257,63	388,5314	
Darkorange	Dot	111	1	131,4592	284,7618	382,0204	130,576	185,3483	380,4471	130,5616	284,3774	380,6347	119,8164	233,073	402,5013	126,4331	232,8127	401,9806	
Darkorange	Dot	113	1	79,3961	296,2373	362,291	99,4441	197,0909	355,1555	78,6044	299,2151	355,8423	74,9797	244,7133	372,2186	80,2023	244,9335	372,734	
Darkorange	Dot	114	1	199,6492	257,4271	381,501	178,338	149,6685	381,5231	199,2048	259,2003	376,0987	175,2922	205,9156	398,6885	183,2858	205,8336	399,4267	
Darkorange	Dot	117	1	193,2469	274,2818	363,6083	175,5068	168,8724	366,7915	190,6544	276,3027	360,2064	175,3029	223,1064	389,8425	182,9233	222,1265	386,3105	
Darkorange	Dot	118	1	170,2362	262,7793	383,7183	158,8813	166,7034	380,9415	166,7013	264,7567	378,519	151,6799	214,2591	403,5879	159,7694	213,8761	400,9641	
Darkorange	Dot	120	1	94,4163	301,788	367,6586	111,2025	202,1422	365,5701	91,7442	303,8123	363,1936	86,2821	250,1159	381,5786	94,0882	250,2033	380,5167	
Darkorange	Dot	127	1	95,6903	301,8498	366,1964	113,4177	203,3947	364,7941	92,6024	303,2808	359,7434	89,4589	250,0104	382,8142	94,4924	250,5555	382,0568	
Darkorange	Dot	128	1	93,7678	299,9378	365,1902	121,981	202,5759	360,8338	90,4994	302,9124	360,1464	89,8746	248,5107	379,8689	98,7973	250,6577	379,2886	
Darkorange	Dot	130	1	110,9442	302,4504	362,577	123,9638	207,5265	362,0891	108,3053	304,4775	358,872	101,4818	253,2629	378,6687	108,2753	254,4464	377,2727	
Darkorange	Dot	133	1	159,9776	272,9363	377,4659	157,8409	172,134	378,8191	155,5548	276,2394	373,2584	145,6867	223,3872	396,3977	153,4704	223,7673	395,8228	
Darkorange	Dot	139	1	-217,4435	-220,5004	278,2663	-150,8015	-133,3389	278,905	-215,4852	-224,8658	280,3248	-180,3549	-181,4714	301,9553	-186,0936	-176,7817	296,0647	
Darkorange	Dot	140	1	-194,3736	-232,5312	281,3175	-156,7872	-142,9137	278,4248	-193,0131	-236,1429	281,0036	-169,9349	-190,293	304,0396	-174,143	-188,3072	300,4143	
Darkorange	Dot	141	1	-207,6904	-241,1775	280,8371	-159,5841	-145,9983	278,9776	-207,1251	-243,8023	280,026	-173,8801	-198,2571	304,6457	-179,042	-196,2385	301,371	
Darkorange	Dot	142	1	-219,6734	-187,1488	285,8895	-172,0709	-98,2609	296,3182	-217,044	-191,1705	286,6831	-194,083	-146,5077	317,652	-199,5604	-142,5064	312,0322	
Darkorange	Dot	143	1	-200,4023	-216,1289	289,1059	-149,1483	-133,4178	281,7486	-196,8934	-221,0019	290,4922	-168,4792	-175,7221	307,4993	-173,6662	-172,4124	302,6067	
Darkorange	Dot	145	1	-204,6915	-220,5622	291,0935	-159,1568	-134,0974	281,9908	-202,5333	-224,3661	292,9444	-175,9146	-178,7749	308,4133	-180,7592	-175,9753	303,6405	
Darkorange	Dot	146	1	-202,1974	-203,2267	285,1211	-151,4081	-118,8174	268,7218	-201,5339	-205,9216	285,782	-171,0089	-159,5266	301,5443	-177,7552	-155,8571	295,6483	
Darkorange	Dot	147	1	-214,5188	-217,7812	271,3952	-167,1206	-132,679	268,0442	-212,6483	-222,2212	271,7062	-183,7991	-178,6868	293,6459	-190,3816	-175,4849	290,5457	
Darkorange	Dot	148	1	-245,053	-173,0639	280,8593	-191,5444	-87,5751	273,4549	-242,3176	-176,8491	280,7193	-210,6777	-133,7389	303,4085	-216,5866	-130,0781	300,1546	
Darkorange	Dot	149	1	-205,7095	-219,5906	287,6418	-155,7876	-140,4062	283,0968	-205,0682	-224,0583	286,7652	-175,25	-183,3755	312,2362	-180,1319	-180,2026	309,2005	
Darkorange	Dot	150	1	-198,1961	-231,6347	276,7002	-153,3867	-139,6633	276,295	-197,7145	-234,2331	277,2488	-169,8744	-187,8961	301,5933	-174,8269	-185,5944	297,6718	
Darkorange	Dot	151	1	-202,6132	-213,0532	283,6237	-154,3635	-123,5778	271,0062	-199,9697	-216,4398	285,9406	-171,995	-168,2664	303,1964	-178,305	-165,7245	296,8688	
Darkorange	Dot	152	1	-211,9654	-221,1248	275,1487	-162,4168	-133,268	275,0714	-211,8363	-224,2923	274,9128	-179,0484	-183,7188	301,2843	-185,301	-179,5995	294,2888	
Darkorange	Dot	153	1	-216,3998	-226,6267	278,2133	-162,0986	-126,3676	272,6214	-214,8453	-229,908	279,4674	-186,0275	-178,2093	302,9117	-191,6448	-175,6676	296,8644	
Darkorange	Dot	172	1	73,2226	-85,3309	368,4644	98,6661	-185,177	363,1382	67,6952	-84,8315	364,7481	70,0542	-139,7643	386,7997	78,689	-137,294	382,8393	
Darkorange	Dot	173	1	74,9973	-90,5362	363,6709	101,616	-187,4059	362,2761	71,0862	-90,9951	358,6545	70,1506	-143,825	383,0156	80,1045	-142,321	381,1936	
Darkorange	Dot	174	1	71,365	-86,761	369,4444	105,5988	-180,6924	365,2669	67,2919	-85,713	364,237	70,8376	-142,8672	390,6496	79,3847	-139,3476	390,4467	
Darkorange	Dot	175	1	85,1378	-94,2122	364,519	112	-189,9174	362,5133	81,29	-91,555	360,1137	81,7239	-147,2524	381,5391	89,9839	-144,7626	379,4217	
Darkorange	Dot	176	1	62,7272	-91,0103	410,1211	103,7095	-178,1674	411,425	57,2509	-90,6612	406,4242	73,2319	-135,0188	429,5884	78,7483	-132,9446	427,7344	
Darkorange	Dot	177	1	81,7405	-92,1777	364,3186	112,6731	-192,1774	360,3475	77,2984	-89,9529	361,1362	78,7721	-149,0427	388,4731	91,1103	-145,8465	383,7267	
Darkorange	Dot	178	1	75,9758	-100,9803	363,5057	103,4836	-195,9139	361,3586	70,2862	-99,7982	358,9977	73,4185	-153,2588	379,8135	81,633	-151,8812	379,7003	
Darkorange	Dot	179	1	78,4622	-93,2436	360,4143	106,5587	-194,1686	358,1086	73,4681	-93,0504	354,2486	77,0874	-149,7341	381,7266	84,2349	-147,265	380,3653	
Darkorange	Dot	180	1	83,4152	-94,9473	350,7292	112,6123	-184,304	350,7314	80,4542	-94,1894	346,4324	78,0581	-144,746	370,4871	87,9462	-142,5463	369,3804	
Darkorange	Dot	181	1	79,0458	-84,2285	355,6258	102,8067	-173,8229	357,3694	77,6818	-83,8941	351,3807	76,3238	-132,3068	376,8183	83,7468	-130,8327	376,1598	
Darkorange	Dot	182	1	72,4172	-91,8151	368,5357	101,0342	-187,0989	366,073	68,9291	-89,8925	362,4304	69,9041	-143,8241	385,9475	79,3534	-141,8564	383,3341	
Darkorange	Dot	184	1	73,5226	-93,855	360,9619	98,2732	-186,6411	355,9078	67,4862	-92,9208	356,8793	69,0481	-143,6681	378,4339	80,245	-143,0295	376,1634	
Darkorange	Dot	185	1	81,1943	-93,1358	365,0975	104,0634	-189,3863	360,6095	75,685	-91,6239	362,2718	73,6603	-146,0748	385,4727	83,0954	-144,5268	381,9608	
Darkorange	Dot	186	1	77,7045	-84,0357	359,1514	109,594	-180,7829	356,9104	74,2485	-84,4991	353,9779	76,5015	-139,1784	381,5802	85,6358	-134,727	378,0509	
Darkorange	Dot	187	1	84,5232	-100,5133	368,7081	113,3906	-194,6931	367,4442	81,6567	-99,4865	362,03	81,5912	-153,5908	384,7699	93,1346	-149,0281	382,7386	
Darkorange	Dot	188	1	86,6931	-96,5834	365,4229	113,2557	-191,7675	367,0195	80,282	-96,1332	362,9254	88,1635	-149,1468	391,7755	94,2677	-145,5217	388,7716	
Darkorange	Dot	189	1	77,7699	-93,5164	359,2245	107,5773	-187,3534	357,1219	72,5691	-93,1729	354,3554	77,6246	-145,9219	378,1929	89,3581	-142,0126	377,1485	
Darkorange	Dot	190	1	80,7502	-96,9877	362,2697	105,2272	-191,245	356,6405	79,6393	-95,0745	357,5895	73,6615	-150,588	378,6766	82,4099	-147,5382	376,5097	
Darkorange	Dot	191	1	80,9183	-92,9355	361,9183	106,0238	-187,8268	360,1641	76,8471	-90,632	356,9931	79,6058	-144,8571	380,5915	90,193	-141,4218	377,4928	
Darkorange	Dot	192	1	-4,2989	-103,6311	377,9064	-37,2667	-190,0306	387,1622	-14,0078	-112,906	362,49	-23,0536	-141,5755	398,7374	-14,3107	-145,2551	398,5881	
Darkorange	Dot	193	1	99,791909	-127,535798	344,653527	125,608	-222,0453	343,0258	96,453478	-125,77913	341,102346	98,1517	-177,823	364,8726	103,9624	-175,977	363,6917	
Darkorange	Dot	194	1	106,6242	-120,9757	345,6494	137,1497	-217,7115	343,7005	100,6717	-120,2192	341,7593	102,7425	-175,4617	371,6004	112,6251	-173,1584	368,504	
Darkorange	Dot	195	1	94,3943	-127,1919	340,9701	118,5171	-224,1739	343,0086	90,5841	-125,7764	337,2392	88,1753	-179,2356	361,48	93,3049	-178,0784	362,2454	
Darkorange	Dot	196	1	105,9212	-125,3783	352,9095	127,3842	-222,4064	351,1015	105,9846	-121,6683	347,4137	102,4667	-177,1345	374,787	108,2835	-175,7351	373,4383	
Darkorange	Dot	197	1	103,1614	-125,6055	346,7726	129,5852	-221,6627	344,5464	99,2414	-123,4713	343,1213	98,552	-180,191	366,7009	105,1192	-178,2243	365,1443	
Darkorange	Dot	199	1	97,1079	-129,8814	339,5863	118,2721	-222,2179	340,6973	93,9595	-127,265	332,4521	90,5738	-177,3067	358,3171	95,5213	-176,5593	357,5523	
Darkorange	Dot	200	1	104,8893	-123,693	335,7678	131,445	-218,7608	340,1749	98,0994	-124,2203	334,0367	104,9083	-173,9925	357,3074	111,5131	-171,5047	357,3111	
Darkorange	Dot	201	1	92,4113	-134,0889	343,7073	119,4606	-229,2245	340,7174	90,161	-131,0149	338,0327	92,4388	-185,0446	360,1689	97,8644	-183,6035	360,3234	
Darkorange	Dot	202	1	95,7034	-132,544	354,0498	124,5747	-226,2467	350,1142	90,8765	-132,3574	350,4957	91,3195	-186,7351	370,0184	99,4224	-184,2796	370,7608	
Darkorange	Dot	203	1	96,3477	-126,6692	336,9921	121,5735	-218,2525	335,9471	91,664	-124,2237	331,4311	91,8785	-177,38	355,3795	97,1582	-176,3554	354,3252	
Darkorange	Dot	204	1	104,4099	-128,2284	341,3081	125,6879	-219,5803	341,6549	101,2743	-126,63	339,3673	101,9951	-178,8118	360,7361	108,9758	-177,2946	360,0277	
Darkorange	Dot	205	1	107,816	-129,9378	342,5692	128,537	-227,0404	347,5003	103,6318	-128,681	339,7537	99,993	-180,5472	367,7328	105,8065	-179,8063	367,3386	
Darkorange	Dot	207	1	109,5911	-130,3082	329,2406	128,4609	-226,9468	326,1923	106,4873	-127,3889	326,5885	101,7327	-180,4254	345,5984	109,573	-178,8057	347,0701	
Darkorange	Dot	208	1	105,1057	-125,8096	347,0598	132,2177	-225,0627	345,9807	101,7075	-123,1415	342,2778	103,2434	-179,67	369,9699	109,5305	-177,5879	369,1613	
Darkorange	Dot	209	1	91,8385	-130,1159	329,5095	115,1881	-225,4417	326,0203	90,6556	-127,3056	325,5481	85,2631	-183,8025	343,4027	92,0636	-181,2081	346,3774	
Darkorange	Dot	210	1	95,9825	-127,0815	346,6661	122,7151	-220,9376	347,1733	90,1628	-125,8379	344,5714	91,1543	-179,5727	368,2184	100,2678	-176,822	370,4723	
Darkorange	Dot	211	1	141,1447	102,5842	343,4069	236,4753	126,2488	344,4957	139,7706	97,7874	340,7204	194,1324	95,9275	363,9771	191,494	104,154	362,6313	
Darkorange	Dot	212	1	136,0924	92,9202	345,1786	230,9257	122,0994	343,7259	132,7834	88,8171	339,472	187,7567	96,4953	363,4857	183,7401	103,1228	362,4165	
Darkorange	Dot	213	1	139,9148	97,7244	338,6783	231,9669	124,6258	338,996	138,1838	92,9878	333,9809	190,9767	94,1349	358,2496	188,7769	100,9968	357,751	
Darkorange	Dot	214	1	145,5832	87,4307	343,3733	245,9667	108,7095	344,8515	143,355	83,4768	336,444	200,1618	79,8506	361,3546	198,7472	85,5305	362,1133	
Darkorange	Dot	216	1	137,8101	99,4172	342,7266	237,8041	127,0256	345,3642	135,7399	93,9434	337,8892	192,2472	95,5317	365,7254	190,3132	100,2189	364,9118	
Darkorange	Dot	217	1	149,8725	84,0273	343,7744	244,156	111,4265	345,0563	147,9167	79,8135	338,9484	201,9651	78,7362	364,0172	200,3374	85,3747	363,6668	
Darkorange	Dot	218	1	144,5153	93,2257	348,3404	240,3583	114,5139	351,0211	143,7988	89,1677	342,5886	195,6305	88,8727	371,0937	195,0545	94,6593	370,2446	
Darkorange	Dot	219	1	150,6521	83,2514	339,1484	241,8982	108,1506	342,7948	147,3711	79,817	334,6432	201,0038	87,3135	353,1131	198,4843	93,383	352,9187	
Darkorange	Dot	220	1	150,6658	89,7529	349,6104	246,4803	111,0069	345,2412	149,2397	89,2069	346,5211	203,3078	82,6712	366,141	201,3674	89,7774	365,8844	
Darkorange	Dot	221	1	154,1499	86,398	349,7403	251,2536	105,2396	345,9537	151,7648	82,8036	346,1104	207,4857	78,1313	362,3973	206,2415	82,7817	363,3196	
Darkorange	Dot	222	1	140,955317	94,11646	355,213675	234,4524	124,4156	351,0856	139,23678	90,774594	351,60215	193,0991	95,4931	370,4825	190,5793	101,7107	369,3386	
Darkorange	Dot	223	1	141,9263	88,2077	341,3874	237,0667	113,5009	340,9866	138,5115	85,8006	335,7043	193,9904	83,4972	356,1471	192,0665	90,5794	355,6296	
Darkorange	Dot	224	1	150,4455	92,447	348,205	243,8128	116,9565	350,2087	147,5569	86,7473	344,2125	200,084	90,041	365,3862	198,9718	95,9378	364,2499	
Darkorange	Dot	225	1	144,7915	86,7762	353,0871	239,8864	119,444	354,4591	141,7065	85,0029	348,9975	195,1528	91,2354	371,0524	193,0961	96,9882	371,2828	
Darkorange	Dot	234	1	150,1827	65,9369	351,1096	247,6389	76,2292	348,6394	148,8238	63,5734	348,6159	200,3099	56,0767	367,9046	200,6532	61,0531	368,3744	
Darkorange	Dot	237	1	153,9265	70,2292	347,1484	246,5644	81,2142	345,7038	151,0054	67,2751	343,1113	201,9992	58,1728	364,6448	200,8158	67,1009	363,8171	
Darkorange	Dot	240	1	153,6451	70,6804	346,3292	247,3971	80,0751	346,1062	151,7117	67,5447	341,1175	201,1286	59,6899	364,2623	200,4885	64,9953	363,9959	
Darkorange	Dot	244	1	149,6936	70,9604	346,3323	245,7303	74,4338	345,5771	147,1432	67,3208	342,0902	197,4848	54,6259	360,725	197,7849	63,7157	360,4636	
Darkorange	Dot	247	1	152,375	77,66	346,2788	244,777	84,0887	342,7823	148,9355	76,5291	341,2082	198,9227	69,149	361,3117	198,9527	76,8281	359,8762	
Darkorange	Dot	249	1	149,881	74,7355	335,1633	247,6099	83,7983	336,8797	148,7121	68,7135	331,7883	200,8038	64,7458	358,0566	199,7185	73,6743	356,3231	
Darkorange	Dot	252	1	151,7131	67,8115	349,805	250,3546	76,0799	345,9404	148,5398	65,2187	343,9769	202,7182	53,8869	364,7977	203,1139	61,6186	364,267	
Darkorange	Dot	273	1	84,1893	-128,3116	340,0218	121,2053	-217,8258	338,7844	82,3289	-124,3896	335,8349	86,9771	-179,7538	353,4337	95,6394	-175,5178	353,0704	
Darkorange	Dot	274	1	89,6175	-119,1444	338,7075	133,0339	-208,384	332,1612	83,3049	-118,367	334,5972	96,7194	-170,9534	355,6272	104,476	-167,539	353,2756	
Darkorange	Dot	275	1	76,3541	-156,5643	348,584	92,9652	-253,0175	347,8359	71,6262	-153,8885	346,0095	64,3562	-207,8397	369,3376	74,9534	-205,4808	369,7682	
Darkorange	Dot	276	1	90,5288	-154,2683	332,1988	98,9281	-246,3101	334,8615	87,0112	-152,334	329,9774	81,5337	-201,1386	352,1439	90,6045	-200,196	350,5145	
Darkorange	Dot	277	1	72,1151	-154,3203	342,1507	92,611	-249,2966	341,5149	66,6528	-151,9246	338,1864	63,5161	-207,2469	356,3864	69,804	-206,1611	356,5925	
Darkorange	Dot	278	1	75,3807	-153,9891	349,4476	84,942251	-253,500593	342,739849	74,1439	-152,3378	344,9723	62,3476	-206,8969	364,5457	69,9879	-205,753	363,861	
Darkorange	Dot	279	1	93,7925	-146,5406	358,1639	112,0372	-242,0859	356,574	88,7899	-145,4739	356,5542	88,2207	-198,0427	378,7586	97,1403	-196,3859	375,6508	
Darkorange	Dot	280	1	90,4287	-148,0949	360,3586	120,7759	-248,1247	361,1791	87,1973	-147,5863	355,7219	86,9411	-202,4768	377,9734	95,1436	-200,5549	376,492	
Darkorange	Dot	281	1	96,8231	-148,5469	344,781	117,9579	-245,4819	339,401	92,4025	-146,3746	341,2295	92,2447	-199,8074	362,6423	98,5427	-199,0367	360,6224	
Darkorange	Dot	283	1	83,3458	-148,075	359,8191	108,1951	-245,9476	354,9214	79,0955	-145,5205	355,1838	84,8335	-198,8486	375,1802	92,208	-196,9478	369,9027	
Darkorange	Dot	284	1	77,9367	-147,7481	356,7826	101,0726	-244,0456	349,3644	73,3035	-148,3403	351,2838	81,0953	-199,7639	380,2125	88,3236	-197,6943	374,8817	
Darkorange	Dot	287	1	71,8125	-139,104	351,6879	108,0593	-241,8304	347,8715	69,029	-137,8149	347,9391	77,1977	-195,3532	374,3472	86,2305	-194,555	372,4702	
Darkorange	Dot	288	1	82,9548	-154,5289	356,7237	117,5628	-238,9129	352,1233	80,5348	-152,6864	353,9726	93,1954	-198,903	376,4417	98,3391	-198,4649	373,6065	
Darkorange	Dot	289	1	76,9546	-143,9339	347,645	106,7193	-238,9636	343,4198	74,9943	-142,5651	343,5688	78,2635	-198,9308	365,8171	86,6415	-195,7228	363,8335	
Darkorange	Dot	290	1	40,9098	-164,7618	354,1166	39,7257	-271,2705	350,3849	36,0179	-162,2872	349,8165	26,6867	-220,3892	372,4991	32,9438	-219,842	370,2457	
Darkorange	Dot	293	1	32,1428	-168,0098	356,6896	33,2623	-261,3208	352,1514	31,6615	-164,0797	352,6307	14,0841	-216,3545	371,3823	26,0931	-216,4312	368,3675	
Darkorange	Dot	295	1	40,5497	-157,0825	349,7343	44,5641	-253,8811	349,8561	36,8097	-154,2661	346,273	25,9702	-206,5914	369,4115	34,323	-206,1161	366,1648	
Darkorange	Dot	297	1	42,0812	-155,8365	360,3902	44,4395	-262,7555	358,9507	39,2657	-154,5272	356,3112	30,9531	-210,1099	379,6719	38,3321	-209,5401	376,0167	
Darkorange	Dot	298	1	55,2902	-162,0438	342,6668	63,5087	-258,2708	341,361	53,4543	-160,0094	337,3107	46,7589	-212,2146	364,5028	55,9595	-210,7075	362,1233	
Darkorange	Dot	299	1	51,4035	-162,5333	352,6205	57,029	-262,0226	347,3428	47,8562	-162,1059	349,2546	37,8724	-215,7085	376,4727	47,7076	-213,8264	371,417	
Darkorange	Dot	300	1	55,0211	-162,6194	358,8148	60,6268	-263,9775	351,372	53,5256	-161,0628	355,8548	42,7932	-216,5816	376,2679	52,6492	-215,845	372,7924	
Darkorange	Dot	301	1	49,3649	-160,6175	357,9559	51,2619	-270,0149	355,5764	43,9192	-158,7919	352,3795	35,1131	-216,8626	381,0733	45,3996	-215,5232	377,0172	
Darkorange	Dot	302	1	141,7144	-128,1482	346,3294	207,5958	-210,8878	342,4009	140,4547	-128,0817	337,7054	164,0616	-179,3689	365,5151	170,9339	-173,279	361,6526	
Darkorange	Dot	304	1	147,4032	-97,939	362,3447	223,2629	-172,8799	362,7586	144,2327	-98,2935	359,5544	176,1615	-144,0071	384,3307	181,3562	-139,0882	380,6859	
Darkorange	Dot	305	1	117,866	-91,7521	349,0772	192,3591	-152,4949	349,9278	116,591	-93,5692	345,7974	148,6109	-128,1629	370,4456	154,3476	-123,7825	367,3608	
Darkorange	Dot	308	1	123,8416	-102,1615	347,4659	199,1935	-179,7563	348,0582	122,7192	-100,9154	343,005	155,3182	-148,2227	370,2156	161,0747	-143,2345	368,8746	
Darkorange	Dot	310	1	137,3405	-103,3207	340,0281	207,5549	-175,4104	338,2689	135,59	-103,2498	335,7413	164,5453	-149,409	362,1439	168,9024	-144,8893	359,4942	
Darkorange	Dot	312	1	79,3282	-144,9112	356,0121	116,9698	-243,7472	351,2238	76,3018	-143,9473	349,583	81,9838	-202,1608	378,777	89,4974	-198,3066	372,9388	
Darkorange	Dot	314	1	72,2947	-141,0806	361,0413	117,2039	-240,7641	359,7434	69,3617	-137,5935	355,4198	84,4717	-195,0776	377,0319	91,7627	-190,6936	374,8633	
Darkorange	Dot	316	1	86,5716	-147,341	347,3277	116,745	-237,1199	347,9411	84,1248	-148,0821	343,7606	88,7961	-196,9805	367,4539	96,2455	-193,8602	364,104	
Darkorange	Dot	317	1	88,377568	-156,031239	355,397166	120,7705	-244,3972	349,3796	84,794204	-154,56394	352,19829	93,7848	-204,6748	371,2222	100,9209	-202,151	368,7148	
Darkorange	Dot	318	1	72,5593	-148,2	358,5579	97,1132	-243,8214	355,7943	69,6354	-147,4188	351,9478	70,9348	-200,9791	377,4294	77,9813	-199,4042	375,7107	
Darkorange	Dot	319	1	82,0858	-146,524	334,1449	115,3117	-247,5129	333,5738	77,2587	-146,3835	328,0159	83,37	-204,225	358,556	92,3694	-200,189	357,1886	
Darkorange	Dot	320	1	86,0382	-143,9146	366,714	117,3765	-241,7735	364,4678	83,5873	-140,8846	360,7539	89,7256	-198,3502	388,0298	97,5302	-195,2836	385,7415	
Darkorange	Dot	321	1	88,8364	-148,7804	365,4199	126,3796	-234,4143	358,9774	80,7939	-149,2501	362,3523	100,3258	-196,5976	387,5261	106,9754	-194,3979	382,7807	
Darkorange	Dot	322	1	108,0019	-150,372	345,8856	142,0804	-240,3231	343,6547	104,7575	-147,2628	340,567	110,3895	-199,3913	367,0065	118,5237	-198,1114	362,8135	
Darkorange	Dot	323	1	104,0036	-157,6786	364,3293	149,0453	-259,1324	362,667	98,5853	-156,6661	358,5113	113,041	-216,4778	386,9787	120,485	-211,5446	383,4335	
Darkorange	Dot	325	1	108,7655	-154,6812	342,0371	150,4326	-246,9137	337,8592	103,2863	-154,3571	338,683	119,5046	-205,0292	363,7684	125,5819	-203,0469	361,6647	
Darkorange	Dot	326	1	112,209	-157,8682	348,4744	151,2564	-248,1316	348,0872	110,8558	-155,8674	342,6109	119,3726	-209,8247	366,6286	127,8845	-206,2926	363,1827	
Darkorange	Dot	328	1	123,0245	-156,9632	360,2709	160,4597	-242,94	362,2866	121,0117	-156,6322	354,1702	126,5288	-206,3756	387,4812	135,307	-202,34	382,8943	
Darkorange	Dot	329	1	111,0248	-153,9332	343,1186	152,5503	-247,3519	342,9545	106,4927	-152,9202	339,9589	115,55	-208,5127	366,4471	122,9662	-205,1387	364,5738	
Darkorange	Dot	330	1	118,4155	-164,8416	347,1297	154,8848	-254,5754	344,2833	112,8184	-163,8806	342,9055	124,7114	-217,5465	364,0142	130,8135	-214,2606	362,7159	
Darkorange	Dot	331	1	116,9055	-156,7701	355,074	156,1182	-249,5732	348,245	115,6835	-155,9319	350,9327	121,9356	-210,0011	371,743	128,7127	-208,1006	370,6397	
Darkorange	Dot	333	1	117,8434	-157,0274	341,1507	159,6148	-241,9679	342,8212	113,7441	-156,7799	337,6945	128,8309	-208,2032	368,2465	137,1139	-201,6412	363,3337	
Darkorange	Dot	418	1	-113,0209	299,7511	268,1528	-200,4566	345,313	275,824	-108,1444	303,189	265,9453	-160,3956	314,8185	295,6581	-161,4401	312,1863	289,172	
Darkorange	Dot	422	1	83,6087	-124,6837	365,1633	119,7298	-215,3257	363,0977	81,5094	-123,2259	361,827	90,8995	-174,2202	381,4835	97,3315	-171,6507	379,0671	
Darkorange	Dot	424	1	205,8245	-147,2125	321,6752	292,6923	-191,4574	321,7498	200,5566	-151,8203	318,5244	252,6236	-163,0518	348,0796	253,8542	-160,2643	341,5203	
Darkorange	Dot	425	1	197,9435	-137,0086	312,4859	293,9996	-169,0273	322,4454	193,6247	-140,985	313,6679	245,0365	-146,6181	343,9717	246,6719	-143,9258	337,7408	
Darkorange	Dot	426	1	-210,589	-205,6658	274,1272	-150,7237	-135,2716	264,1134	-210,1733	-209,6927	274,5772	-172,3461	-176,1019	290,9382	-176,8008	-172,0786	288,487	
Darkorange	Dot	429	1	-174,8947	135,5566	248,391	-244,7827	203,4908	249,4966	-167,4016	138,2276	246,1303	-208,0524	170,231	274,8304	-211,794	165,6998	266,1413	
Darkorange	Dot	430	1	-205,2084	124,4684	246,1378	-264,8967	208,8643	254,7039	-198,6144	125,3198	243,5336	-237,737857	162,423661	276,88219	-241,263806	160,595878	269,309366	
Darkorange	Dot	431	1	-168,537475	144,089755	246,216747	-234,9258	211,5616	247,1698	-163,2866	142,7998	246,2343	-199,4586	179,8791	268,9161	-204,4851	173,5996	260,4602	
Darkorange	Dot	432	1	-191,8102	113,3775	245,7065	-258,1912	183,8197	250,0442	-182,4812	114,4055	243,1658	-226,3935	146,1257	270,2819	-228,821	143,8546	262,5114	
Darkorange	Dot	433	1	-162,1438	136,5302	246,6464	-234,4102	196,5616	256,5516	-155,5916	138,3516	245,0037	-198,388	163,7263	272,1135	-203,2765	160,0733	263,7961	
Darkorange	Dot	434	1	-186,5888	108,8015	252,6662	-253,9436	182,8168	258,4084	-180,7608	109,9597	251,5109	-219,7737	143,9457	277,1273	-225,6463	138,8721	266,2043	
Darkorange	Dot	435	1	-196,4301	133,7878	247,2417	-257,5768	208,0182	255,5773	-188,87	137,5254	247,9458	-226,5204	170,0146	272,8844	-231,9821	166,8488	266,2789	
Darkorange	Dot	457	1	-14,1282	180,6094	255,6988	-89,3623	251,4756	262,8195	-8,9843	180,891	253,4667	-50,5553	215,5237	285,2685	-54,7204	210,1629	277,1139	
Darkorange	Dot	458	1	-78,4312	174,2105	260,3056	-141,4507	255,1651	263,6724	-71,3819	175,3601	260,2011	-109,5331	213,2567	284,1275	-113,6767	210,1577	275,6546	
Darkorange	Dot	459	1	-56,8668	172,1799	263,0392	-123,6792	243,9459	267,7357	-53,0948	171,357	261,3401	-86,684	208,2836	286,3033	-91,1755	204,1365	282,7318	
Darkorange	Dot	460	1	-41,7379	171,9125	254,1894	-105,3794	248,9552	259,9654	-34,2171	172,5878	247,0996	-74,6097	208,5651	279,4816	-77,4775	204,5948	270,8903	
Darkorange	Dot	461	1	-50,6599	176,1674	246,8732	-119,9514	244,0149	256,6674	-47,657	177,165	245,1596	-83,8508	209,6352	275,2405	-89,2626	204,9989	266,9355	
Darkorange	Dot	462	1	-149,9768	145,7314	242,2664	-220,116	222,1276	256,6155	-144,3108	145,8242	238,5332	-186,7618	178,6261	275,3155	-188,9437	176,2435	268,4207	
Darkorange	Dot	463	1	170,7027	-174,8006	297,4252	257,6115	-216,3825	311,714	163,7914	-177,9512	296,1355	212,9171	-189,8374	328,5534	215,071	-188,41	319,5534	
Darkorange	Dot	465	1	-5,6686	-139,3849	375,0898	-28,0539	-241,2715	369,9187	-7,1738	-136,8556	369,5841	-29,2853	-188,8876	396,8074	-20,0764	-190,6258	391,9418	
Darkorange	Dot	466	1	-9,0943	-138,0707	365,7192	-24,3973	-232,7461	361,7145	-10,0732	-135,5918	360,2876	-28,6805	-183,0575	385,6264	-20,2693	-184,4761	383,0131	
Darkorange	Dot	468	1	67,4243	-118,6002	380,0107	97,6043	-222,5438	376,479	63,9492	-116,9677	374,0692	66,5624	-175,4241	401,4727	75,5584	-171,5594	398,6109	
Darkorange	Dot	471	1	145,756	21,7302	367,7681	248,2953	17,4021	365,0186	143,7779	18,527	363,1829	196,118	3,7527	382,4663	197,3803	12,4056	382,8623	
Darkorange	Dot	599	1	16,8801	-181,6346	310,0927	8,5491	-275,4458	305,5182	13,4326	-179,7839	306,2432	-3,9837	-227,2164	327,6172	6,0538	-227,9363	324,9356	
Darkorange	Dot	601	1	18,1385	-178,5439	321,1505	2,0941	-275,3518	316,0202	17,5404	-173,865	312,2668	-0,1229	-226,1702	334,3009	6,7673	-227,4203	330,6879	
Darkorange	Dot	603	1	15,2078	-173,5219	309,7981	0,4065	-262,8428	308,3921	15,6109	-170,8717	307,5868	-6,8348	-216,4708	329,2556	0,2349	-216,3342	327,0027	
Darkorange	Dot	604	1	27,7032	-167,7565	311,3692	16,2181	-260,6514	311,6069	22,6608	-164,1172	307,4546	5,4556	-213,1636	331,7993	14,887	-215,2699	329,6888	
Darkorange	Dot	606	1	22,9229	-169,0997	312,4913	17,1293	-266,6543	311,905	18,5565	-166,8978	308,4178	3,3449	-218,0076	327,1588	14,4912	-217,6402	325,9263	
Darkorange	Dot	609	1	51,4687	-124,3762	369,193	53,084	-219,4471	365,2295	49,3006	-121,1275	365,8102	39,3186	-169,9422	384,1526	49,7614	-170,623	383,4	
Darkorange	Dot	610	1	44,5937	-115,7298	369,9993	47,128	-216,2316	364,8442	40,9379	-114,8493	364,8841	29,9947	-167,4751	386,4209	37,8824	-167,2154	385,4515	
Darkorange	Dot	613	1	52,7715	-126,6589	377,9539	54,354	-227,7585	374,8435	50,1203	-123,2341	374,2413	44,3343	-175,5543	394,8786	52,326	-174,9184	392,2991	
Darkorange	Dot	616	1	26,9016	-157,5925	375,0835	9,6991	-253,2194	372,5413	22,6022	-153,7661	370,9168	4,2269	-201,9864	395,0953	14,4845	-204,2488	390,527	
Darkorange	Dot	617	1	35,7145	-156,0809	383,2447	21,2333	-257,1092	380,2075	34,4518	-153,73	379,4896	9,0162	-204,285	403,0023	17,4835	-205,7811	399,1963	
Darkorange	Dot	618	1	29,6214	-162,9007	364,1662	20,8746	-260,3878	362,8414	23,3534	-161,4154	359,3429	10,5039	-210,6544	384,9569	19,3674	-211,9472	382,5126	
Darkorange	Dot	641	1	77,8959	-134,8542	343,3819	89,678	-227,6189	343,4063	70,4622	-133,3612	342,2155	71,4872	-184,6022	362,9995	78,5839	-182,7284	362,4235	
Darkorange	Dot	642	1	75,5896	-124,858	361,2652	90,5955	-226,3272	361,2406	73,5209	-123,5153	353,7757	65,0302	-178,8928	377,8071	73,7637	-178,273	377,7288	
Darkorange	Dot	643	1	83,3879	-127,249	347,3948	114,4401	-224,3875	347,5823	79,8173	-125,349	342,3525	85,8782	-180,7849	366,0851	96,4285	-177,9155	364,2066	
Darkorange	Dot	645	1	69,3241	-121,7198	363,6909	102,7539	-217,5067	363,6802	69,5095	-116,3339	356,002	74,7303	-172,1656	380,0466	80,346	-170,9653	378,3601	
Darkorange	Dot	646	1	82,6902	-119,2243	350,2213	116,0508	-214,8753	350,225	79,4574	-117,0353	345,6174	89,0939	-171,7689	366,5394	94,5826	-169,9022	365,9274	
Darkorange	Dot	647	1	29,8525	-146,8665	339,7061	15,2594	-240,2134	343,7937	27,996	-143,6071	335,0357	14,0694	-192,464	359,3081	23,6327	-195,8681	357,2994	
Darkorange	Dot	648	1	37,5576	-147,2977	339,7799	12,0755	-241,7033	338,4507	35,765	-144,7075	337,678	10,8599	-190,3589	358,0608	22,0579	-193,8225	357,9005	
Darkorange	Dot	858	1	167,6318	-28,399	353,8921	264,919	-58,2388	352,1256	163,9239	-29,7911	350,3383	209,9038	-61,937	370,5461	214,5069	-51,3699	369,8795	
Darkorange	Dot	859	1	173,4304	-19,2805	343,9369	258,525	-51,9447	340,8806	170,1928	-21,9216	340,0985	213,3635	-48,7795	361,1993	214,9787	-38,3409	358,5193	
Darkorange	Dot	861	1	170,6882	-19,9429	355,9321	260,4068	-55,8514	353,1722	168,8962	-20,705	351,4622	210,2106	-47,3322	371,7517	213,6998	-39,1147	369,3701	
Darkorange	Dot	863	1	-137,098	310,6189	302,9483	-207,9092	371,4623	300,8632	-130,3781	314,104	300,5835	-174,4512	339,6494	333,1596	-177,0864	336,4883	327,2175	
Darkorange	Dot	864	1	-111,3484	302,7192	301,4043	-208,4807	322,6828	302,5839	-107,4121	308,2079	303,593	-159,5753	318,2086	327,0971	-159,6	313,1651	321,1805	
Darkorange	Dot	865	1	-123,8739	317,4597	312,6394	-189,719	385,7816	319,5592	-116,1943	319,6681	308,365	-151,3361	355,443	340,05	-153,9852	351,9084	336,6891	
Darkorange	Dot	866	1	-314,527007	-142,414685	312,523696	-343,9057	-46,4404	316,8963	-309,249846	-143,480195	313,176859	-342,0948	-96,2772	339,4435	-343,1815	-97,1061	330,6374	
Darkorange	Dot	867	1	-129,9059	263,5332	275,189	-223,4312	295,9823	278,0779	-126,1721	267,6864	273,2463	-177,3643	273,3753	303,3838	-178,4332	271,1821	298,6302	
Darkorange	Dot	869	1	-121,4927	298,841	295,9158	-206,9234	343,4992	298,8995	-118,6221	302,2607	295,7504	-167,8695	314,3967	321,2912	-168,0235	311,7978	313,3209	
Darkorange	Dot	870	1	-124,2104	303,2761	307,9915	-210,84	356,1087	309,3768	-118,9448	306,3999	306,9513	-167,8134	330,4376	331,1919	-170,8763	326,4948	325,4083	
Darkorange	Dot	872	1	-127,3857	291,3704	297,4488	-213,034	339,0606	299,4146	-122,242	295,9973	294,672	-168,9947	318,3853	320,0559	-170,3469	313,7818	314,2421	
Darkorange	Dot	873	1	-136,6571	276,3564	281,6767	-222,0636	328,609	283,5056	-132,2482	279,2398	276,5174	-181,5843	298,8864	305,4709	-182,8849	295,894	297,8121	
Darkorange	Dot	874	1	-112,3689	294,0438	297,3379	-203,5784	337,2314	302,17	-107,3081	295,7632	297,8988	-158,2539	314,2467	328,601	-159,8808	310,5205	318,4001	
Darkorange	Dot	888	1	150,8862	17,8277	375,514	256,5284	21,2973	372,6964	148,6793	14,7719	371,177	204,7072	8,5994	397,8597	203,3321	16,6858	396,1325	
Darkorange	Dot	889	1	181,8696	-146,202	311,5631	284,2594	-173,289	315,123	175,6052	-151,3212	311,4129	234,9502	-148,5276	340,613	235,2692	-145,7705	331,7413	
Darkorange	Dot	892	1	234,6332	-142,5603	331,6793	310,8419	-198,0656	325,415	230,7213	-145,5783	327,8838	275,2946	-170,0297	356,7835	277,3338	-166,289	350,3337	
Darkorange	Dot	893	1	186,1803	-154,8092	308,1234	286,7727	-172,5256	308,8799	182,6199	-159,5554	309,4382	236,7209	-160,1656	333,3757	235,2237	-158,2445	326,3985	
Darkorange	Dot	895	1	195,8975	-145,7016	324,3704	280,3434	-165,4795	331,1344	190,6528	-151,393	323,6486	236,4477	-158,8047	348,5703	237,7868	-153,0513	341,8549	
Darkorange	Dot	896	1	208,6498	-122,3119	313,7509	302,5683	-155,2465	319,1924	205,1954	-126,7021	311,4052	256,362	-131,9724	346,2163	255,9594	-130,1835	340,2092	
Darkorange	Dot	897	1	145,9848	-221,4245	332,0562	229,9864	-280,5214	336,5914	142,0495	-223,8001	327,9529	183,1041	-254,9568	360,0869	186,6338	-250,3537	354,4287	
Darkorange	Dot	899	1	206,8265	-133,8629	329,7067	298,7653	-165,1989	329,6587	202,7792	-140,6135	330,5029	253,4485	-146,1261	357,31	253,9978	-143,3407	348,7509	
Darkorange	Dot	901	1	180,3852	-140,0357	314,5009	277,6681	-157,0844	323,9836	177,8425	-146,3041	318,5782	227,5865	-140,5303	347,5997	228,7462	-136,5135	341,7544	
Darkorange	Dot	902	1	197,0525	-156,24	321,7238	287,4777	-195,1309	325,1129	192,5025	-158,8938	322,3593	243,4334	-169,955	352,5017	245,3349	-166,9834	346,289	
Darkorange	Dot	903	1	208,7868	-112,4647	310,0975	294,908	-134,3749	314,8654	206,4448	-114,1758	307,9373	249,6608	-122,8736	338,4912	253,1058	-116,1013	327,4139	
Darkorange	Dot	904	1	194,7108	-155,3164	319,0502	282,2254	-184,526	329,3767	188,6947	-161,6436	318,8921	236,5831	-164,0509	349,392	238,5492	-160,5989	340,8162	
Darkorange	Dot	905	1	178,9043	-173,9509	303,9299	262,459391	-224,020899	309,031726	171,5766	-175,0673	303,0792	220,0514	-194,4159	329,7103	222,737	-191,1566	324,3976	
Darkorange	Dot	906	1	189,1194	-146,9319	312,623	282,4431	-171,946	318,1189	186,0479	-150,5397	308,4973	236,5061	-154,7886	338,9972	237,4892	-150,6416	332,5205	
Darkorange	Dot	911	1	176,6711	-168,0387	322,061	266,8281	-210,6831	331,3631	172,6974	-171,2087	319,791	221,1433	-182,855	354,0684	223,9984	-180,0812	345,8987	
Darkorange	Dot	915	1	197,6596	-169,522	308,6006	275,2454	-222,6085	316,6826	193,3911	-174,3248	308,4159	240,8806	-186,1425	336,2734	241,8979	-184,6639	328,4879	
Darkorange	Dot	923	1	166,8324	-189,1082	326,8987	254,4929	-232,2782	331,4503	162,5636	-192,8592	323,7595	208,4082	-209,7031	359,6866	212,1748	-205,1752	352,2068	
Darkorange	Dot	924	1	185,5644	-184,3971	327,9175	269,2505	-236,4606	327,811	179,7127	-186,4742	327,9571	228,0634	-209,3344	349,9273	230,2815	-206,0736	346,8906	
Darkorange	Dot	927	1	167,9073	-179,4647	313,8823	252,6662	-220,4921	324,0941	162,3096	-183,1268	313,6536	213,3241	-189,0532	343,5811	214,6827	-187,4199	338,3887	
Darkorange	Dot	929	1	197,8601	-145,7005	328,624	292,721	-164,8935	331,3998	195,8085	-149,311	324,7568	245,2006	-152,3121	358,8657	246,3314	-148,1028	353,341	
Darkorange	Dot	930	1	193,0524	-148,0826	325,4554	290,9928	-176,3914	333,3995	189,9267	-153,315	324,4642	240,7411	-159,7966	357,3432	242,7992	-155,7627	351,5786	
Darkorange	Dot	931	1	194,4551	-120,9771	315,1542	282,7186	-129,1792	318,2787	191,7358	-127,2204	313,1553	237,6534	-121,7067	335,4593	237,564	-119,7194	330,8759	
Darkorange	Dot	932	1	202,8951	-150,1345	332,1896	296,2145	-177,8016	327,4864	198,4167	-155,884	329,5467	251,5347	-163,1367	357,2689	252,1169	-156,9806	348,5163	
Darkorange	Dot	933	1	192,9554	-150,3135	323,3107	282,2043	-165,0742	324,3425	187,9752	-155,3197	321,5426	237,1697	-158,5291	343,6232	237,4944	-151,801	337,8685	
Darkorange	Dot	934	1	184,4218	-181,9271	309,497	263,2957	-244,2999	314,3813	176,9317	-183,6218	308,6402	227,0437	-209,0507	337,3795	229,865	-205,9656	331,0236	
Darkorange	Dot	935	1	179,9072	-148,3987	321,1412	282,8119	-161,7235	326,4384	176,6013	-154,1525	320,1226	228,5731	-153,3689	350,8016	230,2654	-151,3583	342,2562	
Darkorange	Dot	937	1	196,6692	-146,4555	332,2631	293,8755	-169,3081	332,3752	192,7282	-151,8666	332,4972	246,4673	-151,4629	356,9367	246,0912	-148,4786	349,9013	
Darkorange	Dot	938	1	159,927	-184,7977	311,0485	247,7017	-225,5131	325,2705	156,27	-189,8423	307,1672	203,2028	-198,4533	341,8617	204,1942	-196,7857	337,1931	
Darkorange	Dot	940	1	236,7714	223,3149	375,7814	213,5623	119,8942	377,3897	232,2263	226,7236	374,5037	211,9502	174,7971	396,8271	223,351	174,0489	393,7881	
Darkorange	Dot	945	1	103,098	274,4366	371,9567	100,3985	182,0002	367,2335	100,3997	275,6038	366,8198	82,5442	227,6945	387,1901	89,6328	227,3902	386,2535	
Darkorange	Dot	947	1	125,7588	257,5695	383,0805	160,6061	175,9119	380,4767	122,9611	258,4971	379,8621	128,0544	208,5098	396,132	137,8629	214,5062	394,0955	
Darkorange	Dot	950	1	98,0683	281,4212	383,5687	106,1986	190,5051	382,6437	95,5969	282,8105	381,5255	88,0933	233,8439	398,3093	95,2217	233,8179	397,0836	
Darkorange	Dot	957	1	108,4631	262,3789	378,4225	141,8135	174,3833	376,5542	106,7824	261,9059	373,6783	109,9105	212,5034	398,2612	116,5473	214,5689	397,4723	
Darkorange	Dot	974	1	136,9361	267,0227	385,6243	117,4851	171,0566	379,2669	134,8276	271,1124	379,6906	112,6553	221,7846	398,9421	120,5225	220,0979	399,1388	
Darkorange	Dot	977	1	118,6739	259,3972	384,1938	156,5753	168,1073	375,194	115,9757	258,7402	378,815	125,6175	206,7891	397,6133	129,334	209,0179	395,9799	
Darkorange	Dot	984	1	120,7467	258,5004	391,3062	151,172	163,9242	380,7192	117,3488	260,0447	387,3689	120,3588	204,2201	406,0338	127,5558	207,0001	403,9244	
Darkorange	Dot	985	1	114,9939	301,1784	374,3596	130,2932	205,5854	374,4572	109,3818	304,5848	370,9662	109,4484	249,2692	394,2637	118,4041	250,7618	393,4617	
Darkorange	Dot	986	1	227,5075	228,5502	366,775	204,878	129,5135	368,7799	225,4666	233,0128	360,4436	200,2256	180,6347	383,4089	211,1487	180,5851	381,6966	
Darkorange	Dot	988	1	109,462	304,7298	377,8682	125,6776	209,2439	377,9356	108,7347	306,429	374,4125	103,338	252,7216	393,0567	112,4329	254,85	391,7546	
Darkorange	Dot	992	1	153,4592	234,9111	383,6628	165,085	140,7095	380,2057	150,1173	237,4316	380,2847	146,9531	185,1218	394,4831	154,9138	185,8809	393,3122	
Darkorange	Dot	993	1	219,1694	224,1093	372,2891	196,6842	128,0877	368,632	217,0506	228,0631	368,6804	189,557	179,5931	388,042	204,131	177,2805	386,1234	
Darkorange	Dot	994	1	219,506	223,9256	371,8447	196,3386	128,5978	368,9938	217,663	228,2506	367,014	190,21	180,9796	388,3957	203,7443	177,302	386,3245	
Darkorange	Dot	995	1	102,2422	301,3334	364,5956	114,65	203,5553	362,9696	98,8897	303,8528	361,9865	92,5178	248,7087	381,271	98,9596	250,4804	380,1856	
Darkorange	Dot	1000	1	224,9147	219,2301	365,4497	202,0526	125,3295	365,1179	224,3821	222,549	360,2205	201,5073	175,2053	386,4168	209,174	172,5627	384,1049	
Darkorange	Dot	1001	1	225,1404	218,6773	365,0165	202,5404	125,8024	364,991	224,8239	222,7629	360,8754	202,083	175,3741	386,4124	209,3059	173,2667	383,8818	
Darkorange	Dot	1005	1	94,1514	295,6081	375,805	108,25	196,6234	369,832	90,1242	298,4823	374,1363	83,042	243,0191	390,6033	91,1541	243,8292	388,5572	
Darkorange	Dot	1006	1	231,6542	222,096	370,0275	198,8801	127,158	369,5024	230,0504	226,0518	365,2146	204,1997	178,1586	392,0868	208,8873	176,264	390,9281	
Darkorange	Dot	1007	1	220,5048	228,5574	377,7148	194,176	126,9129	375,1673	218,8021	231,4212	374,3141	191,213	181,4057	394,0344	201,3972	178,3637	393,5644	
Darkorange	Dot	1008	1	221,0194	228,2956	377,77	194,3087	127,5675	375,7702	220,6178	230,899	375,2353	191,3681	178,6675	393,9131	201,7487	177,6629	393,3181	
Darkorange	Dot	1011	1	108,5516	300,8731	362,9184	124,6497	201,4182	365,6695	102,3775	302,2139	361,2001	97,3944	246,8199	387,5419	104,1815	248,702	385,7174	
Darkorange	Dot	1012	1	224,3467	224,1103	362,7891	205,9012	128,7497	363,5868	222,4652	226,3591	359,0856	200,8169	178,9395	383,8294	208,8241	177,8102	382,0164	
Darkorange	Dot	1016	1	230,0236	216,5823	363,5879	199,6384	127,9473	364,0006	228,5331	220,8324	361,2654	201,3362	174,9799	382,4776	209,5563	172,7274	380,1724	
Darkorange	Dot	1023	1	152,2317	221,7273	386,7344	160,1004	124,356	379,9951	151,1901	226,6417	382,1431	133,7412	171,7566	398,7177	144,4847	171,7982	398,4274	
Darkorange	Dot	1024	1	139,2735	218,824	350,9027	147,2035	126,607	349,5197	137,1203	221,3347	347,4921	123,7095	171,35	357,1277	131,8135	172,5044	359,9763	
Darkorange	Dot	1026	1	-209,3535	-180,4237	302,4431	-162,2621	-93,0192	290,3125	-206,4563	-184,6164	304,5856	-177,2789	-138,6585	325,18	-184,5087	-134,5613	319,4875	
Darkorange	Dot	1027	1	-199,8231	-220,8103	275,4407	-146,9467	-140,5215	271,0789	-196,7226	-224,9246	278,1197	-164,1329	-185,793	297,027	-172,5082	-180,6132	294,2608	
Darkorange	Dot	1028	1	-201,9106	-227,7738	285,0638	-158,3797	-140,3752	275,4539	-198,2806	-231,6655	286,5186	-171,3151	-188,0384	308,9086	-178,1879	-184,7527	303,755	
Darkorange	Dot	1030	1	-203,3234	-228,1902	290,6049	-156,284	-141,9016	282,4182	-202,8654	-232,2331	291,0358	-170,6955	-186,4023	312,167	-178,2659	-183,7605	306,8187	
Darkorange	Dot	1032	1	-217,8824	-183,8312	292,73	-166,7022	-101,8124	290,4743	-216,3453	-188,1846	294,0403	-184,9703	-147,2946	320,4168	-189,9143	-144,3643	316,9649	
Darkorange	Dot	1033	1	-208,2018	-226,353	280,0866	-159,16	-137,9758	278,1106	-206,2218	-231,3608	281,3861	-174,7155	-187,0562	307,9882	-182,1817	-182,4101	300,8701	
Darkorange	Dot	1034	1	-219,9052	-215,2357	279,86	-166,577	-130,938	282,4061	-219,324	-217,8095	279,7916	-188,8369	-176,4154	308,1515	-196,125	-172,4961	299,3129	
Darkorange	Dot	1035	1	-205,9492	-229,2605	288,8094	-160,2916	-144,7121	277,2112	-205,32	-233,0815	289,7271	-179,4393	-189,6881	306,3257	-183,7281	-186,7691	301,7243	
Darkorange	Dot	1036	1	-188,2035	-233,7971	281,2574	-130,3885	-151,6376	273,5803	-185,796	-237,3605	281,6142	-146,9725	-200,1989	306,3813	-156,083	-194,3305	301,3999	
Darkorange	Dot	1038	1	-228,464	-175,7664	295,2462	-175,3991	-95,8076	297,6467	-225,5333	-180,7923	295,8609	-199,0747	-139,3521	319,6347	-202,929	-135,7902	314,8404	
Darkorange	Dot	1039	1	-194,7106	-234,3032	281,8168	-151,8261	-142,8603	276,4343	-191,7078	-238,0794	282,3505	-164,0916	-192,7236	301,0993	-169,5713	-190,263	297,6803	
Darkorange	Dot	1040	1	-212,8546	-218,5248	283,5632	-160,4283	-134,2905	275,9153	-211,1688	-223,6836	285,3195	-182,9798	-177,1821	304,9697	-187,8683	-175,1279	300,102	
Darkorange	Dot	1041	1	-208,4531	-218,0388	291,764	-167,2683	-129,6804	282,6179	-206,3776	-221,6196	293,2401	-183,5753	-175,0108	311,4967	-189,3	-172,3181	306,6126	
Darkorange	Dot	1042	1	-223,022	-224,3144	282,6125	-180,2472	-128,2086	277,8593	-222,8487	-227,7113	283,2064	-198,413	-177,7099	309,1931	-204,8654	-174,6461	301,4227	
Darkorange	Dot	1043	1	-217,2171	-216,1954	288,4579	-162,0695	-125,1235	279,269	-216,7298	-220,7533	287,9924	-187,6645	-170,5068	313,9184	-191,9186	-166,8567	310,0153	
Darkorange	Dot	1044	1	-247,0098	-174,065	291,5846	-191,8123	-85,9761	281,8563	-244,9104	-178,6791	294,1703	-210,1325	-132,2161	314,9375	-218,5105	-128,9297	306,3375	
Darkorange	Dot	1046	1	-204,8289	-220,4057	280,5992	-153,6171	-134,7251	276,4241	-203,2082	-224,7157	282,373	-172,9263	-182,4086	304,6351	-178,3052	-177,9387	297,9082	
Darkorange	Dot	1047	1	-200,5857	-223,6687	289,2681	-155,3366	-133,3106	279,3545	-199,9514	-227,1451	289,5307	-179,017	-175,6751	316,9025	-182,9625	-174,254	313,3633	
Darkorange	Dot	1049	1	-214,0721	-234,4452	276,9517	-168,0518	-139,0587	274,9258	-212,8887	-238,3006	277,6693	-192,1838	-186,753	299,2382	-196,3502	-185,0716	293,2501	
Darkorange	Dot	1050	1	-263,2655	-165,7547	281,6809	-205,6824	-81,3075	273,3536	-262,14	-170,0758	282,9463	-230,6441	-125,0327	304,7958	-235,7812	-121,7523	299,8714	
Darkorange	Dot	1051	1	-219,9746	-203,6405	290,1419	-158,6526	-127,4881	290,0126	-218,5729	-207,5526	290,8255	-186,8406	-167,1201	316,4997	-190,5134	-164,0908	312,9255	
Darkorange	Dot	1052	1	-228,1117	-195,1893	281,0092	-175,569	-116,6262	274,951	-227,9778	-198,9494	282,1284	-197,3353	-157,4384	301,6734	-200,9471	-154,9276	295,0051	
Darkorange	Dot	1054	1	-209,1451	-193,6827	289,292	-169,3582	-108,2792	290,3484	-208,1093	-197,1751	289,206	-186,4497	-153,6155	314,5531	-190,1535	-150,8323	310,3305	
Darkorange	Dot	1056	1	-212,9882	-212,1098	292,302	-174,3323	-119,4859	299,1663	-211,4774	-216,4208	294,0105	-189,8165	-170,1421	321,9685	-195,6684	-166,9698	315,7137	
Darkorange	Dot	1057	1	140,1045	251,2434	293,5229	121,3828	153,9556	298,5296	139,5835	254,8089	291,4877	120,6854	208,4144	323,2799	129,0827	205,1205	316,9807	
Darkorange	Dot	1058	1	-214,5695	-181,8935	287,6428	-171,2286	-93,3807	288,2449	-212,9254	-184,1467	288,7251	-190,5488	-139,3724	315,1822	-194,356	-137,135	310,3335	
Darkorange	Dot	1059	1	-208,6044	-228,0286	285,9288	-160,6795	-145,3409	277,8299	-206,6503	-232,8822	286,277	-178,874	-187,6356	310,038	-186,058	-184,5444	304,8021	
Darkorange	Dot	1061	1	-207,3907	-230,2585	280,8896	-171,7449	-133,8573	283,5105	-206,6991	-232,797	280,7525	-182,6007	-183,6243	311,8193	-189,3503	-182,179	304,1693	
Darkorange	Dot	1062	1	-215,2227	-209,5456	283,2391	-162,5293	-126,3591	275,3481	-213,5834	-212,7909	284,1317	-181,1053	-169,8799	308,5313	-188,1903	-165,8631	303,7501	
Darkorange	Dot	1063	1	-211,059	-218,8422	280,9375	-164,4299	-132,7349	273,8375	-210,0257	-224,3722	280,4976	-177,588	-180,7329	297,2746	-183,9998	-177,7771	293,398	
Darkorange	Dot	1064	1	-216,5148	-203,1196	295,4009	-152,7867	-121,1619	286,4849	-214,7355	-207,2378	297,2458	-176,7308	-165,9164	321,6878	-182,4089	-161,8703	314,4092	
Darkorange	Dot	1065	1	-211,8671	-192,6787	290,5838	-160,5548	-108,3041	298,2842	-210,2558	-196,8728	292,5028	-181,849	-157,1518	319,1301	-188,0513	-152,2643	313,4692	
Darkorange	Dot	1066	1	-220,4513	-217,9267	284,1181	-161,2268	-123,2598	280,2625	-219,9919	-221,6671	284,1958	-188,2898	-172,5504	308,6214	-191,9016	-170,7542	306,3001	
Darkorange	Dot	1069	1	-206,907	-238,1096	284,8621	-169,1162	-149,7107	283,4275	-206,2243	-240,981	285,2136	-184,8611	-195,4229	308,6859	-189,7812	-192,8633	303,5275	
Darkorange	Dot	1070	1	-215,2491	-232,2685	270,36	-180,2872	-132,4707	270,9767	-214,0953	-234,557	272,0378	-196,2733	-183,5773	298,2566	-201,1147	-182,1301	294,7276	
Darkorange	Dot	1071	1	-212,1582	-221,6488	284,3607	-172,0032	-129,979	279,0599	-210,6846	-225,019	285,2347	-190,336	-176,7129	309,5315	-195,6824	-174,4359	301,3327	
Darkorange	Dot	1072	1	-199,9033	-215,1897	280,849	-148,5383	-124,7858	272,5439	-197,1773	-219,218	283,4394	-167,6757	-172,1388	304,0654	-173,3002	-169,118	297,9319	
Darkorange	Dot	1073	1	-226,5088	-206,446	278,89	-172,7397	-125,4216	270,3729	-225,6304	-209,4259	279,1444	-194,1641	-168,1617	299,1856	-198,5175	-163,6774	292,755	
Darkorange	Dot	1074	1	-199,3277	-219,5305	290,1275	-146,1798	-134,4954	273,403	-197,9196	-223,9564	292,15	-168,1708	-176,1627	307,8223	-172,5883	-173,4574	303,716	
Darkorange	Dot	1075	1	-218,6007	-211,8494	284,095	-166,2102	-124,6201	277,308	-218,4677	-215,6115	282,5164	-189,1307	-169,296	308,8667	-195,2691	-166,3503	304,6261	
Darkorange	Dot	1076	1	-208,8214	-189,9012	291,5161	-154,8629	-97,7239	295,7233	-206,1896	-193,4258	292,8646	-180,1504	-145,6804	320,5069	-187,075	-141,1138	315,9157	
Darkorange	Dot	1077	1	-206,8897	-223,5612	277,9248	-145,1312	-135,7698	278,2612	-207,0085	-226,6245	276,7572	-169,6218	-185,516	306,2953	-175,6506	-181,0474	301,1215	
Darkorange	Dot	1078	1	-227,2055	-211,9029	284,2708	-169,2695	-120,9131	278,1035	-227,0393	-214,811	284,8124	-192,8985	-168,7643	307,5554	-197,9022	-165,315	300,3911	
Darkorange	Dot	1079	1	-252,1784	-177,97	282,7547	-203,2184	-92,2852	280,6685	-251,8835	-181,8965	283,1434	-224,5951	-137,5692	306,5561	-228,9563	-134,2917	301,9548	
Darkorange	Dot	1080	1	-194,7389	-224,8433	279,7693	-154,8542	-138,6343	271,7094	-193,1005	-228,7756	281,0952	-166,6075	-183,6023	300,8056	-172,3471	-181,35	296,6635	
Darkorange	Dot	1081	1	-196,1677	-230,1704	279,6947	-158,0233	-143,2393	276,3158	-194,3876	-234,3269	280,6539	-168,6742	-190,3808	302,7989	-174,8807	-187,6891	299,1422	
Darkorange	Dot	1082	1	-213,5921	-197,1256	285,1719	-164,6287	-120,4284	275,1392	-213,1596	-200,5908	285,4838	-181,5068	-161,2119	302,6569	-187,9341	-157,6575	296,8154	
Darkorange	Dot	1085	1	-226,9673	-206,843	284,7797	-171,6582	-121,3994	284,5544	-226,0666	-211,2768	285,485	-195,2306	-167,5959	311,0119	-199,0534	-164,2506	306,862	
Darkorange	Dot	1086	1	-244,3647	-175,8242	292,9069	-187,6545	-91,6986	292,0922	-242,6794	-179,296	293,3512	-210,3307	-137,6488	314,5847	-216,4792	-133,861	309,5602	
Darkorange	Dot	1088	1	203,6636	222,5118	291,4077	167,8318	123,0272	291,0013	201,6499	225,7647	293,3911	185,3153	171,9889	320,2905	188,9187	169,951	313,8935	
Darkorange	Dot	1089	1	-196,1414	-232,6906	285,3714	-147,1594	-141,0725	283,1487	-194,3442	-236,2217	286,3597	-165,1169	-190,0863	308,0351	-170,0517	-187,3208	305,5672	
Darkorange	Dot	1090	1	-192,8686	-221,8917	277,6783	-143,9585	-128,6594	267,01	-190,6611	-224,424	278,8953	-154,6371	-179,875	301,907	-164,1832	-174,5451	297,6422	
Darkorange	Dot	1091	1	-215,2038	-214,9919	269,9603	-170,1665	-128,064	264,1216	-214,966	-218,4426	269,7756	-187,5872	-174,6879	293,2286	-192,2509	-171,2604	289,4678	
Darkorange	Dot	1093	1	-200,0429	-218,2245	274,957	-156,9803	-128,1442	268,7172	-195,7375	-222,0465	277,938	-175,4574	-173,5976	297,5024	-180,962	-172,3088	291,1479	
Darkorange	Dot	1095	1	-204,9651	-217,6024	282,8262	-156,082	-130,5825	271,9693	-201,7883	-222,2769	282,8545	-169,7562	-176,971	302,0005	-176,2596	-173,6019	296,9764	
Darkorange	Dot	1098	1	-201,4391	-213,5899	277,2598	-159,369	-128,8742	266,8975	-200,5316	-217,2876	278,0589	-174,4627	-172,2326	297,102	-180,6143	-170,5145	290,6332	
Darkorange	Dot	1099	1	-208,9983	-212,3732	287,0804	-156,8071	-135,1768	268,4818	-205,7578	-216,8368	288,816	-172,6781	-178,7599	295,6285	-180,1364	-173,5896	289,2698	
Darkorange	Dot	1101	1	-230,4838	-186,8102	289,1107	-162,4693	-107,9131	277,0081	-230,0994	-191,208	289,5579	-190,4695	-149,7358	308,998	-193,9368	-146,7946	304,607	
Darkorange	Dot	1102	1	-223,1644	-211,9267	281,4841	-169,462	-125,4921	276,572	-220,5544	-216,3793	282,0251	-191,3778	-170,8329	312,4123	-198,1875	-168,3153	306,5324	
Darkorange	Dot	1103	1	-246,0511	-171,0078	291,1204	-192,19	-91,0722	280,534	-245,7185	-174,2004	290,8394	-209,813	-135,0999	310,2708	-215,0989	-131,7651	305,3188	
Darkorange	Dot	1108	1	-219,4771	-222,7309	271,5707	-168,1598	-134,6644	271,1647	-219,0261	-225,6593	271,498	-189,4869	-182,464	297,8768	-194,1442	-179,3859	292,9185	
Darkorange	Dot	1109	1	-227,857	-196,0644	299,1052	-182,5108	-103,2656	294,9063	-225,5253	-200,7335	299,352	-202,8249	-150,4644	326,531	-207,6946	-149,0921	319,3876	
Darkorange	Dot	1110	1	152,2832	235,7999	291,9251	131,6917	139,8515	290,7558	150,8116	239,5942	291,2389	133,8814	189,436	317,4337	141,3753	187,7044	311,2068	
Darkorange	Dot	1111	1	-224,2107	-192,7126	285,5075	-164,2451	-116,9506	278,138	-222,9629	-196,1029	286,608	-191,1046	-156,8753	306,4104	-193,3701	-155,0467	301,9413	
Darkorange	Dot	1113	1	-196,9808	-194,0414	293,7887	-142,3284	-112,4019	287,0802	-197,9724	-198,8573	291,4809	-160,3489	-159,0546	315,3913	-169,7029	-151,7417	308,3223	
Darkorange	Dot	1114	1	-214,4471	-211,7278	281,8516	-161,6181	-130,6008	280,5321	-213,1557	-214,457	282,0389	-183,4519	-173,5376	306,547	-188,3186	-170,584	299,1364	
Darkorange	Dot	1118	1	-246,0301	-183,6738	301,1257	-191,3599	-91,979	299,6861	-245,0714	-186,6753	302,0924	-217,9937	-138,597	327,1003	-222,9052	-135,827	319,3817	
Darkorange	Dot	1119	1	-236,5669	-180,4489	299,2557	-192,1755	-91,4417	307,225	-235,477	-184,9403	300,7639	-212,5154	-138,6761	332,1724	-219,5392	-135,26	323,9524	
Darkorange	Dot	1120	1	198,7752	236,1385	295,8667	174,5995	133,3262	297,8221	195,9164	239,366	298,6612	188,5344	185,4326	324,3866	192,1837	184,5097	318,569	
Darkorange	Dot	1122	1	153,082	241,4587	301,9302	136,4448	146,3102	299,2489	148,9967	245,7394	305,7591	138,4779	195,0875	329,9985	144,1878	193,0338	325,2485	
Darkorange	Dot	1125	1	-231,9933	-179,8764	303,2551	-178,6293	-96,9952	298,7743	-230,5887	-183,7303	304,0232	-203,4499	-139,6743	323,092	-207,8681	-136,9574	317,3583	
Darkorange	Dot	1126	1	-215,454	-179,1285	308,7635	-166,3759	-94,3588	301,293	-215,2876	-182,6182	308,7647	-186,4766	-138,002	329,5568	-191,6288	-135,0528	322,2217	
Darkorange	Dot	1127	1	-227,3795	-175,2638	300,2316	-171,896	-94,3184	294,1431	-226,2386	-179,0872	301,8864	-192,6899	-137,5032	325,6041	-197,3734	-134,5921	320,2704	
Darkorange	Dot	1128	1	-218,0648	-202,9548	290,1855	-181,6872	-111,1468	285,5481	-215,5581	-207,4025	291,6537	-195,9113	-157,446	316,6482	-200,3148	-156,1688	310,891	
Darkorange	Dot	1129	1	-222,025	-175,2053	308,2734	-170,1001	-82,688	293,1174	-219,9788	-178,1716	310,1847	-195,1448	-125,1626	329,335	-199,9684	-124,1769	324,3085	
Darkorange	Dot	1130	1	-203,9571	-223,1082	292,0309	-161,4259	-138,9062	289,8574	-201,7724	-226,4573	293,512	-175,6682	-183,7502	319,2099	-181,4018	-180,9158	315,6153	
Darkorange	Dot	1131	1	156,6241	241,1555	290,371	133,3467	148,1216	291,5123	153,2067	244,0926	291,8271	140,9999	196,8175	316,2947	145,5084	195,3012	309,2857	
Darkorange	Dot	1132	1	-227,7141	-174,1546	298,2136	-181,6157	-86,2013	297,5696	-226,0803	-177,2873	298,4706	-204,5998	-129,7638	323,9836	-209,9956	-127,2022	317,5831	
Darkorange	Dot	1136	1	-222,3685	-190,0062	307,161	-176,5276	-99,5219	301,5957	-221,9272	-193,6264	305,3028	-194,5017	-148,3495	332,584	-200,0011	-145,3977	328,1102	
Darkorange	Dot	1151	1	182,4129	-142,077	310,018	281,1187	-167,3772	318,5312	179,5314	-148,9384	311,9623	232,0245	-147,4038	338,39	233,0359	-145,3443	331,7054	
Darkorange	Dot	1153	1	-181,126	113,3114	239,2464	-248,52109	178,795697	241,519199	-175,1958	113,9522	237,908	-216,0185	143,4073	263,4427	-219,0601	139,7708	253,9045	
Darkorange	Dot	1154	1	-165,3349	140,8248	252,6923	-226,7962	219,9383	260,8105	-157,3988	140,5881	247,2086	-194,1434	179,5743	280,9309	-199,0336	176,2889	271,6319	
Darkorange	Dot	1155	1	-181,1806	127,2743	245,0824	-248,4503	194,2113	250,416	-174,2446	129,3018	244,7472	-215,2928	158,0035	270,6173	-220,3753	154,3821	262,4171	
Darkorange	Dot	1156	1	-139,3761	154,2457	257,2128	-208,5851	231,384	263,0004	-131,5525	156,6645	254,5374	-171,8545	191,9514	286,5569	-177,8353	188,1916	275,8246	
Darkorange	Dot	1157	1	-156,5426	145,3952	249,108	-221,4081	219,2964	259,5032	-150,0781	147,9098	247,0325	-185,0538	184,2263	279,3063	-189,6865	179,4452	271,3884	
Darkorange	Dot	1158	1	-168,8431	154,4227	251,9505	-227,2007	211,916	253,2764	-161,9745	153,5255	247,774	-195,2782	184,2299	271,7568	-200,6638	180,1241	263,0517	
Darkorange	Dot	1159	1	-104,7505	137,3684	247,4415	-164,0422	219,1774	254,5715	-97,1781	136,4482	242,7084	-138,5012	171,8713	274,9133	-143,3944	169,8079	263,6657	
Cornflowerblue	Fill square	3	2	-114,5722	139,8491	246,5888	-177,9002	208,3622	253,6022	-106,6008	143,0694	246,2928	-146,3954	171,6071	274,6732	-149,6948	168,6595	266,8053	
Cornflowerblue	Fill square	4	2	-163,6578	140,1801	239,6006	-227,9998	203,0914	250,9926	-157,8887	141,7258	238,9771	-196,9113	167,6396	264,8848	-199,6719	165,8201	257,0313	
Cornflowerblue	Fill square	10	2	-114,6915	276,8579	277,9042	-209,2742	300,5224	285,5191	-110,5252	280,6897	276,412	-161,5925	283,6537	303,3504	-163,2073	278,4884	297,8278	
Cornflowerblue	Fill square	23	2	167,3228	261,9925	350,8707	159,5697	168,9287	346,9474	167,2335	263,6896	346,1941	148,6241	216,3174	367,7018	156,9668	215,846	367,4248	
Cornflowerblue	Fill square	25	2	165,8687	259,9742	369,0207	163,1159	172,9004	365,8265	165,9657	263,0933	363,7349	157,7479	216,5247	382,6043	164,771	216,6873	382,033	
Cornflowerblue	Fill square	32	2	153,2475	278,827	373,513	156,4443	180,2072	368,9796	154,8092	281,4696	368,817	141,8818	229,6904	389,0966	150,6159	229,7254	388,7703	
Cornflowerblue	Fill square	33	2	142,8505	276,1124	362,5482	154,9302	179,8053	359,0235	143,0527	278,4521	357,1812	132,9471	225,687	378,9585	140,6433	227,938	378,1571	
Cornflowerblue	Fill square	35	2	163,8953	269,7514	365,7575	159,0261	166,5406	368,465	161,3313	270,3676	360,1794	146,9968	221,6267	385,1516	155,5529	219,7983	383,2109	
Cornflowerblue	Fill square	36	2	149,6908	265,5337	361,3958	128,531	167,6599	361,4778	146,6564	270,2835	357,7482	120,5873	220,7383	376,6495	131,8696	218,9526	379,0087	
Cornflowerblue	Fill square	37	2	155,1752	272,1439	373,2077	144,2798	179,5449	376,4	158,4729	274,9486	368,6727	137,74	227,7504	390,9925	148,4745	226,5305	392,8504	
Cornflowerblue	Fill square	39	2	234,2578	218,938	378,6017	206,768	126,0435	374,8995	236,5138	221,277	371,3913	208,2343	176,1821	395,1724	219,5017	172,3759	392,4636	
Cornflowerblue	Fill square	40	2	153,5357	266,7877	366,5863	138,3688	169,1668	367,8895	152,23	269,0468	362,1438	132,9821	221,2915	381,4997	138,9952	219,6847	381,7317	
Cornflowerblue	Fill square	41	2	195,6457	247,8256	373,4302	188,6893	145,526	370,9143	196,2125	249,3465	369,5644	178,1925	199,4746	390,8851	189,0746	197,7364	389,8153	
Cornflowerblue	Fill square	42	2	88,4709	301,3392	374,4432	117,9061	204,7861	373,6219	84,6853	303,6845	370,6903	90,9865	249,211	389,7494	96,4305	251,4324	390,2829	
Cornflowerblue	Fill square	44	2	94,86	300,6737	364,3199	108,6797	202,3452	358,8229	90,5271	302,8985	361,1662	85,3552	249,7836	377,7593	96,1681	250,0381	376,6821	
Cornflowerblue	Fill square	45	2	153,6783	267,5953	370,7141	154,8798	168,8766	372,7645	152,0444	269,5559	367,8413	144,0809	219,3302	389,3266	150,5307	218,9668	388,8072	
Cornflowerblue	Fill square	46	2	149,5913	263,5624	363,1034	144,2529	170,0664	366,5174	149,4203	265,0787	358,6662	123,9146	219,2491	381,4938	133,2332	218,9251	384,3462	
Cornflowerblue	Fill square	47	2	184,5323	253,152	358,9003	174,2521	155,6328	365,0773	181,8637	254,8188	351,3411	164,9136	206,6431	376,9278	175,3444	205,8124	378,9575	
Cornflowerblue	Fill square	48	2	210,5994	236,2151	362,5639	181,4623	129,6945	367,0575	207,0916	237,5382	356,4437	184,1472	188,8473	380,6789	193,7521	186,0723	382,5008	
Cornflowerblue	Fill square	50	2	178,5313	234,7918	364,1163	171,526	139,6292	361,2866	177,3363	237,2623	360,3326	157,9195	186,7434	377,4382	164,75	186,5928	377,8266	
Cornflowerblue	Fill square	51	2	139,7092	274,4743	366,8704	158,8235	183,6688	360,1353	139,0146	277,9854	362,253	137,7097	226,7537	381,6968	145,2803	227,7767	382,3657	
Cornflowerblue	Fill square	54	2	145,2226	282,7635	360,5383	159,9165	189,2024	366,5664	143,2475	285,5811	354,7152	142,4223	235,7244	378,5377	148,847	236,5065	378,4226	
Cornflowerblue	Fill square	55	2	150,9489	280,5866	372,0818	153,964	175,7411	368,8304	146,6647	282,3395	368,5862	137,1823	228,0712	390,4523	143,3482	228,8535	389,4173	
Cornflowerblue	Fill square	57	2	89,444	296,6441	352,1673	106,4915	204,6572	350,887	85,374	299,1009	349,7805	84,1056	248,8701	361,8792	92,2872	248,5303	363,3694	
Cornflowerblue	Fill square	58	2	147,0991	270,8844	373,7264	139,3937	176,2277	371,388	148,0975	273,5642	369,8904	128,1472	225,0148	386,641	136,0872	224,3875	387,092	
Cornflowerblue	Fill square	63	2	135,8416	280,0055	361,1914	139,0091	185,6863	364,2543	133,1173	282,8839	355,5301	123,7831	231,7944	372,7901	132,9249	231,3237	373,8469	
Cornflowerblue	Fill square	64	2	200,7754	250,007	369,5084	192,3968	153,8448	365,2334	199,2496	252,9873	366,1685	182,8016	202,2348	382,8589	192,4421	201,9037	383,445	
Cornflowerblue	Fill square	65	2	182,1385	258,7158	368,0983	169,6404	149,8617	368,7792	183,8539	260,6585	364,3416	157,6342	210,8996	382,3428	166,71	208,9273	384,4172	
Cornflowerblue	Fill square	69	2	137,6214	284,3797	354,9556	142,6863	186,7437	364,1763	136,9847	286,4229	351,1276	122,9513	236,0015	370,4805	131,4646	236,6906	370,2472	
Cornflowerblue	Fill square	70	2	145,9198	286,3971	372,7416	163,7103	178,6734	373,0352	140,0882	286,0946	369,3473	145,3673	230,4838	397,3007	152,6555	232,2804	396,6637	
Cornflowerblue	Fill square	71	2	221,637	223,1562	368,9557	197,9408	130,2447	368,9457	221,5822	225,7767	365,8535	199,5783	176,773	383,4101	210,59	177,6116	382,9857	
Cornflowerblue	Fill square	72	2	143,246	272,6822	375,0671	144,3371	170,5814	371,5775	143,2913	274,8035	369,2461	126,6457	225,9332	385,1259	139,5162	223,9959	389,6085	
Cornflowerblue	Fill square	73	2	162,1542	274,2903	382,4765	162,0702	175,1486	380,9587	159,1369	274,8747	378,1089	148,1328	224,5192	401,2792	159,1567	224,1577	401,1743	
Cornflowerblue	Fill square	74	2	183,4329	237,8283	394,0444	167,3275	153,2357	386,5521	185,1455	238,3237	390,9051	163,2377	196,3302	404,5497	175,0647	193,3428	406,3342	
Cornflowerblue	Fill square	75	2	151,3761	269,2322	374,4773	149,7181	178,6314	371,9976	153,9488	270,067	370,0084	139,3367	223,4496	386,4488	149,0531	224,0565	386,92	
Cornflowerblue	Fill square	76	2	148,5575	231,8648	373,2253	122,2728	146,0541	369,3407	147,5116	234,4717	370,0482	122,0918	193,8626	384,5784	131,9481	190,3688	384,4457	
Cornflowerblue	Fill square	78	2	151,8765	288,4998	363,3403	151,7447	181,9627	369,5248	150,4227	289,8421	357,2066	134,9916	236,3615	386,0299	144,2703	236,7218	385,7367	
Cornflowerblue	Fill square	79	2	165,8573	225,455	369,7242	167,3511	129,6871	369,6856	162,9716	227,3867	367,3034	152,5835	174,8453	379,1987	160,8598	176,4854	378,5984	
Cornflowerblue	Fill square	80	2	108,5819	299,8688	363,3774	125,3468	211,6723	362,8983	106,122	302,074	361,2924	110,0535	253,2679	377,8041	118,3949	255,429	378,202	
Cornflowerblue	Fill square	85	2	215,4336	226,825	361,4319	192,6801	130,7492	361,7796	212,656	230,656	357,4452	187,1026	184,0633	371,9894	202,5878	180,1166	375,871	
Cornflowerblue	Fill square	86	2	123,9817	241,2287	371,8545	97,2148	144,8849	363,6304	123,6285	244,0962	364,8546	96,4081	195,8198	383,3105	103,8774	193,4788	384,2523	
Cornflowerblue	Fill square	87	2	306,48	131,8207	362,1577	249,54	43,2711	357,958	304,2599	135,3189	359,3119	264,535	95,9788	382,9431	272,8693	91,2857	381,5565	
Cornflowerblue	Fill square	88	2	217,519	222,7816	364,6364	187,5755	128,0716	359,4922	218,3006	224,8603	361,0075	190,0908	179,6312	374,8233	199,254	175,6192	373,8025	
Cornflowerblue	Fill square	90	2	305,3565	110,527	354,747	255,242	32,8155	350,1415	302,6703	114,2505	355,0263	272,0302	76,4502	369,1881	279,0733	71,8516	365,6	
Cornflowerblue	Fill square	94	2	152,4108	275,8999	369,2369	157,1763	182,4172	369,5657	148,1809	279,4422	366,5026	143,6981	227,8614	387,8298	152,4182	227,7722	386,601	
Cornflowerblue	Fill square	96	2	172,7062	267,9366	374,236	177,3097	172,7784	364,9955	176,3159	267,9662	369,912	158,4613	220,3277	393,186	170,22	219,552	390,9998	
Cornflowerblue	Fill square	97	2	302,6453	113,5421	360,3551	249,7283	33,9644	364,856	300,354	117,337	357,8762	266,787	80,1338	383,2375	274,8748	73,1509	379,1059	
Cornflowerblue	Fill square	98	2	150,4802	271,9848	373,5584	149,9776	176,2736	372,6832	149,9569	272,6033	368,4677	137,3536	223,4943	388,6647	145,7808	224,4915	390,4571	
Cornflowerblue	Fill square	99	2	295,7004	112,5071	366,8588	239,5556	30,3797	359,0614	293,8894	115,897	367,3671	259,5102	77,1043	381,5265	264,2939	73,5802	378,4976	
Cornflowerblue	Fill square	103	2	255,0754	156,7404	366,5953	197,6384	72,9681	366,1361	252,2034	159,8376	366,4838	215,4278	122,0059	388,7618	221,2544	118,3362	386,3608	
Cornflowerblue	Fill square	112	2	223,8293	148,106	346,0781	164,6261	69,7218	347,8318	223,0424	151,1971	342,5027	182,3773	115,7999	363,903	188,8568	111,8765	363,775	
Cornflowerblue	Fill square	116	2	120,6585	252,9169	364,0307	103,3314	145,9959	365,1493	120,2806	255,7472	358,9275	94,4173	201,902	380,6095	101,5438	200,8269	382,7649	
Cornflowerblue	Fill square	119	2	162,9627	274,5426	356,2762	158,6256	173,6258	363,8924	157,7694	276,7984	353,7046	147,0031	223,9644	385,1157	158,4507	224,6787	384,3268	
Cornflowerblue	Fill square	121	2	154,858	273,5689	357,8078	156,2723	167,3698	360,318	154,7826	276,5675	354,6827	136,6657	221,7351	376,8228	144,185	222,0586	377,5038	
Cornflowerblue	Fill square	122	2	189,834	257,3516	370,6846	176,775	160,7946	375,979	184,86	259,0075	367,7791	170,299	211,2641	391,5573	186,4922	209,0377	391,308	
Cornflowerblue	Fill square	123	2	92,8995	296,7929	374,0473	112,6826	202,2057	367,239	90,0313	298,97	371,4507	89,1533	245,032	386,2083	95,1894	247,2846	386,096	
Cornflowerblue	Fill square	124	2	200,0629	230,3352	357,605	172,5701	145,0396	364,264	200,9713	232,8151	351,3111	169,0444	194,7217	373,0544	181,6427	190,6376	375,4843	
Cornflowerblue	Fill square	125	2	137,4101	275,1926	370,562	137,2272	186,34	367,4872	137,4763	277,3021	366,0769	122,5285	230,2788	388,5698	135,7431	229,764	385,6112	
Cornflowerblue	Fill square	126	2	169,8388	269,71	361,8244	164,2229	175,4186	364,9315	169,6318	272,8858	357,1142	155,2365	225,2098	383,1484	162,5738	224,1469	381,4044	
Cornflowerblue	Fill square	129	2	155,7163	269,2799	343,7785	151,8322	179,4062	346,5406	151,278	271,6251	340,5234	141,2252	226,2201	360,6479	149,0169	225,0521	361,1739	
Cornflowerblue	Fill square	131	2	154,5196	278,6636	369,5008	151,9022	178,5541	371,1292	157,2576	279,5027	366,5955	141,4056	228,3011	388,2832	150,0397	229,4889	390,5491	
Cornflowerblue	Fill square	132	2	160,9398	269,5739	367,7555	156,4906	166,9253	367,4605	155,862	272,3547	363,7863	140,6891	219,5175	384,9998	148,039	219,5566	384,7751	
Cornflowerblue	Fill square	138	2	-209,4119	-218,0388	292,6397	-155,0261	-137,0844	281,9273	-207,384	-222,7431	294,6169	-175,7699	-180,0913	310,9685	-182,2846	-176,185	304,3422	
Cornflowerblue	Fill square	144	2	-214,8872	-219,0948	265,2352	-167,9065	-135,7125	262,0617	-214,0085	-221,0403	265,4993	-182,3908	-181,9027	288,1403	-188,5562	-179,1747	284,5005	
Cornflowerblue	Fill square	183	2	76,6481	-93,2392	352,5631	110,1824	-184,2551	352,2344	72,4963	-91,1001	348,7739	81,827	-142,7995	371,7476	89,5651	-140,0138	370,5249	
Cornflowerblue	Fill square	233	2	155,4105	65,3405	345,6415	250,0353	76,592	342,7547	153,1672	63,4444	339,7802	205,1802	55,4303	357,6785	204,7736	65,0793	357,9101	
Cornflowerblue	Fill square	238	2	152,5531	89,218	344,3325	236,9324	103,4635	345,9938	148,7517	90,7485	339,8312	197,3188	83,0554	359,4732	195,9165	88,5185	359,4475	
Cornflowerblue	Fill square	239	2	154,5765	88,5439	348,2648	242,2052	101,1767	345,8804	151,2329	86,2448	343,9704	201,2378	80,9898	364,9726	200,0539	87,0073	364,9099	
Cornflowerblue	Fill square	241	2	148,6294	83,3629	333,8077	245,996	99,966	334,1428	147,4009	81,5465	329,3908	201,1034	74,0433	354,7593	199,2226	83,155	354,2721	
Cornflowerblue	Fill square	243	2	159,3926	71,3275	345,7185	254,1756	79,7114	341,8596	156,0877	70,0872	340,5978	208,4809	58,3249	363,2648	207,7794	65,801	362,6906	
Cornflowerblue	Fill square	245	2	160,0738	68,9384	335,961	251,3273	69,6035	334,0288	156,1776	65,037	331,7696	207,0288	56,9063	349,9065	207,2843	63,0909	350,5678	
Cornflowerblue	Fill square	248	2	157,0505	75,8791	331,8513	244,9143	88,7685	330,5977	154,9536	73,6975	327,7179	203,0722	72,3657	344,8839	202,1268	79,7745	344,8678	
Cornflowerblue	Fill square	250	2	152,976	77,8008	343,4928	249,7445	91,6824	339,4041	150,2182	73,7566	339,736	204,5341	68,9414	359,834	202,6386	75,2602	360,1663	
Cornflowerblue	Fill square	272	2	98,0186	-143,8722	341,2339	125,0546	-235,8949	339,1137	94,8366	-141,1314	339,2282	100,1035	-192,4963	360,9695	108,581	-190,3916	357,9794	
Cornflowerblue	Fill square	285	2	62,418	-156,6309	343,608	92,768177	-246,445636	340,522287	60,5744	-155,8715	339,7505	65,1127	-204,4123	359,3817	73,4783	-203,2743	359,0153	
Cornflowerblue	Fill square	286	2	72,6071	-151,3314	340,331	95,6795	-239,7517	340,3355	67,7781	-148,5068	335,5114	69,5804	-200,1453	358,2359	77,2743	-197,9031	356,8216	
Cornflowerblue	Fill square	291	2	45,3406	-167,7985	335,3791	44,8611	-263,1945	328,1035	42,1536	-164,4718	331,3501	26,6262	-220,6004	351,9987	38,4303	-217,978	350,2771	
Cornflowerblue	Fill square	292	2	30,3162	-169,4863	338,0533	32,8779	-261,0623	332,5348	28,646	-166,6213	332,6429	21,1256	-216,5483	353,1984	29,4396	-216,7809	352,6609	
Cornflowerblue	Fill square	294	2	45,8976	-153,8247	344,8751	46,6031	-252,7433	343,6083	40,7655	-151,5806	339,9597	35,8924	-202,29	363,9201	44,4218	-203,3569	360,578	
Cornflowerblue	Fill square	296	2	43,6388	-162,9115	339,4322	45,7408	-261,1574	334,496	41,5524	-160,2111	336,7483	32,6443	-214,48	357,4107	42,1795	-214,5311	356,9586	
Cornflowerblue	Fill square	306	2	132,8942	-105,6745	341,3992	199,2539	-178,7169	339,034	129,7017	-105,429	336,337	158,9102	-150,2013	361,6636	165,4923	-144,4048	360,5833	
Cornflowerblue	Fill square	307	2	132,1801	-115,3932	330,1877	190,4988	-173,6626	330,8162	128,8359	-115,8682	324,9774	151,8009	-152,5731	348,7056	159,0259	-146,5879	346,2715	
Cornflowerblue	Fill square	311	2	78,2655	-155,7882	339,7232	104,4007	-249,1544	332,527	74,9369	-155,3115	336,9344	82,2287	-207,0559	355,122	87,0131	-205,041	353,5658	
Cornflowerblue	Fill square	313	2	76,2815	-156,4061	337,5145	108,0233	-248,8879	335,1732	73,6744	-154,8917	333,7321	78,9303	-210,296	357,8054	87,4378	-206,9723	355,8135	
Cornflowerblue	Fill square	324	2	107,0684	-161,2717	338,0066	144,1072	-250,781	334,7982	104,9648	-160,8587	333,9945	114,107	-213,8885	356,2472	125,871	-207,2392	354,2886	
Cornflowerblue	Fill square	327	2	118,6832	-157,8387	335,0151	153,2544	-248,2758	328,3145	114,8462	-156,2154	332,2166	123,7125	-208,6942	350,8776	133,9348	-206,3653	346,8377	
Cornflowerblue	Fill square	332	2	121,161	-153,2914	344,6318	159,1124	-242,6904	344,2436	119,4232	-152,0985	339,712	130,4744	-203,9809	363,2462	138,9518	-198,8633	358,3948	
Cornflowerblue	Fill square	334	2	123,4325	-157,844	342,5925	166,5511	-245,9862	339,767	119,7417	-156,8839	337,4794	132,246	-210,1126	360,7802	141,8733	-203,5339	356,745	
Cornflowerblue	Fill square	427	2	-192,1272	133,5717	248,7894	-249,2684	210,3396	251,4053	-185,7952	134,1254	248,1907	-223,1552	170,8867	272,6863	-225,3697	168,7537	268,2263	
Cornflowerblue	Fill square	428	2	-176,4583	113,4871	242,1769	-242,0022	181,0099	250,1532	-170,9087	115,2324	241,8412	-209,9113	143,471	266,8832	-212,3889	141,3007	260,043	
Cornflowerblue	Fill square	452	2	-34,6896	172,6935	246,4108	-101,04	244,8654	252,5789	-29,6022	174,2334	243,8085	-70,6061	205,3246	271,2489	-73,3945	203,9666	262,4292	
Cornflowerblue	Fill square	453	2	-35,0761	177,8374	246,9088	-101,849	241,1347	256,9522	-28,9924	180,3072	249,1524	-66,4053	209,7675	273,4078	-71,2894	204,6655	267,4232	
Cornflowerblue	Fill square	454	2	-69,3515	176,9979	245,9704	-130,5726	248,0811	253,2935	-65,2542	178,1019	245,262	-102,749	208,6741	274,0108	-106,0536	206,0727	267,8379	
Cornflowerblue	Fill square	455	2	-77,7076	171,0651	266,136	-141,1232	248,8546	270,6211	-72,2733	171,6481	261,9881	-111,3408	206,2651	291,9693	-115,7064	203,7078	285,2893	
Cornflowerblue	Fill square	456	2	-64,5612	174,4666	258,344	-128,7735	247,3497	265,1116	-55,199	177,2121	257,5921	-95,0063	211,4962	285,909	-100,6953	206,6398	278,3838	
Cornflowerblue	Fill square	464	2	158,0912	-84,5431	349,3737	225,1302	-152,42	344,17	155,2401	-83,8313	343,3774	185,7607	-123,9344	368,6203	191,5493	-119,8656	367,0544	
Cornflowerblue	Fill square	469	2	90,6665	-116,845	365,3298	119,8196	-208,2171	358,328	87,0005	-115,561	360,2757	92,9073	-166,4097	382,8537	101,4118	-164,0302	380,213	
Cornflowerblue	Fill square	600	2	16,616	-177,7381	299,7863	4,0997	-268,8749	293,3575	15,6139	-175,8399	298,0531	-3,1762	-221,8168	315,0952	4,8071	-222,0572	315,034	
Cornflowerblue	Fill square	602	2	14,2199	-176,541	291,1073	-2,5021	-264,7703	289,8634	13,5825	-174,9871	287,5609	-7,3438	-218,4281	309,6488	-0,0162	-220,6495	308,8117	
Cornflowerblue	Fill square	605	2	20,842	-174,5552	299,3423	16,753	-263,9587	297,1127	21,9163	-171,9064	294,0533	8,0193	-217,7104	315,4821	16,7889	-219,2725	313,5619	
Cornflowerblue	Fill square	611	2	49,9341	-123,5872	363,8178	54,9978	-211,4669	360,1228	51,2059	-121,3531	358,1755	44,4372	-167,3701	377,1549	54,8899	-167,4965	376,1033	
Cornflowerblue	Fill square	612	2	55,5774	-134,2224	365,0267	49,5267	-228,1123	364,1339	54,1479	-132,0137	359,9724	41,9897	-180,7019	383,4156	49,9766	-180,9196	382,4815	
Cornflowerblue	Fill square	614	2	61,4353	-124,6424	371,3463	51,44	-225,557	377,454	58,3358	-122,8967	365,8356	38,2855	-172,5386	396,7211	50,7984	-173,7791	393,3729	
Cornflowerblue	Fill square	619	2	22,7672	-160,0188	367,9173	12,1407	-256,2718	369,7927	20,2777	-158,4036	364,7047	3,6576	-205,9415	386,6845	15,211	-207,9158	384,6913	
Cornflowerblue	Fill square	620	2	126,3358	-78,5372	314,7576	196,2038	-137,4158	314,3612	123,3616	-77,7714	307,6241	153,0324	-118,6262	328,2103	158,3527	-110,8136	327,9682	
Cornflowerblue	Fill square	622	2	138,88	-51,9317	333,0275	223,2998	-115,1551	329,42	133,238	-54,1784	328,1342	172,7091	-94,9088	346,8268	178,1367	-86,5618	346,4478	
Cornflowerblue	Fill square	644	2	72,5186	-123,3462	341,7288	92,9779	-208,8181	348,877	71,0506	-121,5434	336,9019	71,2812	-169,0617	360,5329	77,0932	-167,3717	360,1981	
Cornflowerblue	Fill square	862	2	175,316	-2,8771	342,8984	263,6304	-47,5331	340,1765	171,5733	-4,4829	337,6501	214,8079	-34,766	361,6345	220,5347	-27,0338	360,3136	
Cornflowerblue	Fill square	868	2	-126,1803	290,4916	281,428	-212,007	323,5403	278,8164	-121,866	295,0067	282,7432	-171,2801	304,3748	307,7044	-172,8074	298,0981	301,5639	
Cornflowerblue	Fill square	871	2	-141,381647	269,977221	282,408691	-228,7674	324,3448	283,0716	-137,068314	272,338961	281,074831	-187,9113	294,4372	309,0934	-190,2599	290,7153	301,9422	
Cornflowerblue	Fill square	875	2	-120,4337	292,3435	296,9517	-206,05	329,6076	296,8108	-116,8863	295,0884	293,0998	-162,6126	310,4897	325,611	-165,1693	304,6285	318,9285	
Cornflowerblue	Fill square	877	2	-107,5398	315,2242	302,0525	-192,4857	357,8658	297,4777	-101,7386	317,6754	299,7556	-151,8817	333,9184	320,9958	-153,381	331,1767	318,0461	
Cornflowerblue	Fill square	886	2	44,9573	-138,5935	368,4685	55,627	-227,2357	367,8085	40,9432	-137,1321	364,4344	37,52	-183,2071	386,2734	44,6104	-182,2694	383,8425	
Cornflowerblue	Fill square	898	2	207,6945	-137,3557	324,8649	294,3022	-172,719	329,3261	205,7099	-139,2228	321,7173	249,6172	-157,7645	347,3044	251,2734	-151,3638	343,4673	
Cornflowerblue	Fill square	900	2	205,2119	-112,2101	313,1282	297,5199	-131,138	316,5589	202,1409	-115,6303	312,6437	252,4151	-116,6347	339,6034	253,2817	-110,1423	331,8845	
Cornflowerblue	Fill square	909	2	195,6517	-121,4555	314,7852	290,2566	-137,5336	316,3661	193,4384	-125,0946	314,8592	245,5024	-117,9983	332,8059	246,1028	-115,1169	328,6941	
Cornflowerblue	Fill square	912	2	254,9881	-110,4169	286,8056	331,9213	-167,6245	291,1654	250,2861	-112,8256	286,8139	297,1971	-132,2092	315,0951	299,4381	-129,4035	308,907	
Cornflowerblue	Fill square	913	2	203,0136	-110,7379	311,753	301,5025	-118,8148	320,8665	200,2695	-114,9308	312,6158	251,3763	-110,7629	338,0815	251,4948	-108,7463	331,4691	
Cornflowerblue	Fill square	917	2	205,7909	-107,776	321,732	305,4612	-124,6125	328,9086	202,0352	-112,7044	321,0844	256,9851	-113,7992	350,1299	256,7953	-108,805	344,1244	
Cornflowerblue	Fill square	920	2	225,6333	-112,1874	331,6192	304,5786	-152,6869	341,8618	218,8978	-116,2188	330,7131	262,1248	-135,0558	358,7502	265,5671	-128,2498	352,3352	
Cornflowerblue	Fill square	921	2	207,9215	-126,201	309,1827	296,9926	-153,2217	307,7927	204,2355	-130,0417	309,5257	254,5306	-135,2168	329,9395	254,9746	-131,8026	323,6659	
Cornflowerblue	Fill square	925	2	231,9724	-126,548	306,2802	307,7559	-183,6289	312,2495	225,827	-127,9322	305,7767	269,9502	-148,7323	332,0776	272,7849	-145,4036	324,2489	
Cornflowerblue	Fill square	926	2	246,2959	-109,776	297,8034	327,4224	-159,2047	304,6176	240,8448	-116,9531	302,3136	285,56	-130,606	322,2581	287,8138	-128,3027	318,5142	
Cornflowerblue	Fill square	928	2	240,0581	-108,6968	303,3706	314,1031	-154,1155	306,4508	234,9841	-109,7565	304,2866	280,3762	-124,9285	329,5928	282,0284	-121,1121	321,8759	
Cornflowerblue	Fill square	939	2	171,6601	264,4485	350,2792	169,6586	172,4643	350,631	169,3399	265,7364	345,1377	158,193	220,1993	370,2712	167,1194	218,9316	368,2213	
Cornflowerblue	Fill square	941	2	154,1088	267,3211	368,0881	143,5728	175,9783	362,9699	155,3059	268,4211	363,7651	136,962	221,3554	381,8354	148,2291	220,2088	381,579	
Cornflowerblue	Fill square	942	2	129,6426	273,6557	385,1921	147,724	170,38	382,1197	130,2112	275,434	381,7132	115,8509	218,797	397,9969	129,2296	220,1623	400,7826	
Cornflowerblue	Fill square	944	2	93,4268	264,9647	394,8766	89,3483	160,4196	387,3987	95,116	266,7137	390,2194	70,3202	213,7486	407,859	81,554	211,9752	408,6216	
Cornflowerblue	Fill square	946	2	204,9188	242,1723	371,0536	193,7149	149,148	373,4044	203,5489	243,7679	368,6276	189,1253	197,6537	391,2942	196,8171	196,9314	389,0643	
Cornflowerblue	Fill square	948	2	171,9747	260,2624	358,9896	164,2926	170,0657	353,5313	169,2862	262,3864	355,7998	157,7055	215,2248	374,263	167,1512	215,6144	371,923	
Cornflowerblue	Fill square	949	2	115,983	305,4862	365,864	132,0173	210,6434	367,1491	114,2365	307,6198	361,1843	115,1628	254,5843	386,1883	122,2756	257,2031	383,3814	
Cornflowerblue	Fill square	951	2	190,3708	259,5854	365,5795	184,7415	159,2626	369,4438	189,681	262,1376	360,8791	173,4699	211,3696	386,6983	181,4674	209,9049	385,5046	
Cornflowerblue	Fill square	952	2	100,8487	300,6294	360,255	119,648	210,8817	366,6415	96,9426	300,9897	357,4035	97,4592	253,5403	380,2577	106,033	255,112	377,8754	
Cornflowerblue	Fill square	953	2	195,264	245,4021	372,9261	188,2524	152,9077	368,585	192,8541	247,2362	369,5522	179,5007	199,1003	387,2796	183,3853	198,2836	386,7873	
Cornflowerblue	Fill square	954	2	148,8404	278,6229	357,654	159,7386	185,7197	360,1397	145,2233	279,3595	352,962	140,3553	230,2606	378,8891	152,1509	231,3949	379,0002	
Cornflowerblue	Fill square	955	2	143,8072	246,7924	375,8918	155,1703	150,764	368,6439	140,3493	248,9378	374,0222	137,5445	197,2517	390,5946	145,1211	199,0127	389,1775	
Cornflowerblue	Fill square	956	2	144,1405	270,8306	361,9644	143,902	177,582	357,4747	146,3705	272,5362	359,5558	129,4952	224,062	372,5902	141,5538	222,6355	375,4614	
Cornflowerblue	Fill square	958	2	211,5316	249,2257	382,2993	189,2224	148,6466	381,4348	208,2864	251,0444	379,2315	190,2057	202,1667	401,8681	200,1026	198,8221	400,8344	
Cornflowerblue	Fill square	959	2	153,4718	278,1697	361,1371	148,9357	182,4692	365,3081	152,2249	278,7755	360,4057	138,9997	230,5534	379,7649	148,5311	230,4186	381,1178	
Cornflowerblue	Fill square	960	2	139,4465	275,3137	349,9281	138,6639	183,8493	349,9688	138,6796	277,902	345,2827	121,1763	229,9676	363,1469	130,9082	230,0738	363,5897	
Cornflowerblue	Fill square	961	2	99,1539	301,4044	364,4649	119,6265	204,9996	360,3208	92,4003	301,9379	362,8263	95,4665	248,6542	381,9484	102,4116	250,5649	379,832	
Cornflowerblue	Fill square	962	2	106,4351	256,0805	381,0671	149,1962	173,1649	375,8729	105,233	257,9754	376,3863	117,3178	208,8077	396,1373	123,4698	211,779	395,4031	
Cornflowerblue	Fill square	963	2	152,6714	241,6274	377,98	132,6974	156,1353	372,7399	151,2048	244,9026	374,3605	132,0944	201,4872	391,6293	141,7996	199,3511	388,7777	
Cornflowerblue	Fill square	964	2	111,5147	301,9989	358,7062	126,8784	207,9218	357,5757	108,5766	303,8549	355,1632	108,6976	253,397	379,5054	116,6979	255,5498	378,3527	
Cornflowerblue	Fill square	966	2	161,8222	215,599	374,7439	136,9308	118,9067	367,7874	160,3707	217,2087	370,8912	140,4028	165,9758	392,9716	148,5317	163,8406	388,9426	
Cornflowerblue	Fill square	967	2	194,0283	253,2006	365,5969	177,3941	159,6618	364,8511	190,7195	256,3906	362,4898	170,8517	209,3429	381,0708	181,7402	206,8188	381,4277	
Cornflowerblue	Fill square	968	2	186,381	256,6912	362,7611	179,6975	164,7958	369,0495	184,3428	260,1192	357,5867	168,0817	212,9928	381,0771	180,6458	211,3078	381,9845	
Cornflowerblue	Fill square	969	2	220,1838	222,4285	360,0382	191,5673	128,2146	361,9904	217,8664	224,786	356,5213	192,0111	183,5129	378,9417	202,4111	180,5471	376,9929	
Cornflowerblue	Fill square	970	2	133,0685	241,0935	371,5188	151,3994	145,4491	368,6593	129,3749	242,1204	369,029	126,1145	188,3762	385,9273	132,8734	189,757	386,0965	
Cornflowerblue	Fill square	972	2	154,7113	235,2731	373,7897	171,0909	139,1585	372,5214	151,2487	236,9565	369,5381	147,7809	184,9026	393,9256	156,5549	186,1778	390,9603	
Cornflowerblue	Fill square	973	2	144,4344	269,5725	367,2022	136,3425	177,7524	363,0541	145,5365	270,6997	363,9263	124,6805	223,9393	377,9894	134,6146	223,1937	379,7845	
Cornflowerblue	Fill square	975	2	104,0634	299,296	365,9197	120,4104	205,9811	362,353	98,6601	300,3898	364,1241	98,293	249,0173	378,9819	107,4295	250,7046	377,3133	
Cornflowerblue	Fill square	976	2	137,7152	244,2365	374,6678	154,3243	149,0856	366,9138	133,4384	246,1074	371,1241	135,422	192,9921	390,012	140,8432	192,6979	388,5191	
Cornflowerblue	Fill square	978	2	154,7179	232,1173	362,9143	174,3316	143,2002	356,4752	152,5288	234,5535	358,174	155,9251	184,5859	376,9978	163,0604	187,0999	374,1734	
Cornflowerblue	Fill square	979	2	212,1978	226,3887	368,1675	192,3034	130,2728	363,1626	212,4858	228,017	362,3219	192,2231	183,9997	382,1801	202,0457	181,4016	381,3472	
Cornflowerblue	Fill square	981	2	226,2129	227,4233	371,1229	203,6169	123,0315	365,4524	226,9257	228,8648	364,613	205,7801	179,3901	386,4024	215,0541	177,8281	386,7152	
Cornflowerblue	Fill square	982	2	217,2007	209,6149	363,1573	195,5353	123,8194	351,4987	219,0279	212,2271	358,0571	195,9959	168,3829	370,8421	205,2117	164,273	372,6598	
Cornflowerblue	Fill square	983	2	219,1201	226,2603	369,3181	197,8041	128,1379	368,9214	220,0902	227,5489	362,3615	192,9951	179,8078	385,0962	204,1612	178,677	384,8341	
Cornflowerblue	Fill square	987	2	113,2224	304,8687	360,5214	137,3284	214,4862	357,8422	108,6302	306,7886	357,632	115,4005	255,085	378,8355	124,2373	258,1048	376,6747	
Cornflowerblue	Fill square	989	2	97,5397	301,8674	358,4917	112,1431	208,4374	361,4261	92,9523	303,4568	356,7868	89,4251	250,7762	375,6427	98,4802	253,2271	374,9687	
Cornflowerblue	Fill square	990	2	298,6882	110,0763	366,0203	246,5634	32,5375	362,9453	297,3803	112,4143	363,0595	264,644	75,4346	386,2897	274,2309	69,844	381,2152	
Cornflowerblue	Fill square	991	2	164,0036	278,2419	359,2156	166,4941	177,2816	361,0774	161,542	279,5552	355,6673	153,7534	226,9468	378,7826	161,807	227,7458	374,8864	
Cornflowerblue	Fill square	996	2	293,5132	107,0689	370,4902	240,4959	30,7145	357,5668	291,8851	110,476	369,3514	257,1566	72,8204	386,5437	265,1553	68,0871	382,3212	
Cornflowerblue	Fill square	997	2	302,059	106,1602	362,6245	247,6714	32,767	363,2607	301,0242	109,4644	361,3861	266,301	75,5043	387,3081	275,6587	69,4883	382,7611	
Cornflowerblue	Fill square	998	2	295,5928	117,8051	361,3529	239,5609	38,5181	360,3819	296,5699	120,1373	357,685	257,7882	85,7139	380,518	265,5623	79,6698	377,7536	
Cornflowerblue	Fill square	999	2	143,5513	282,4708	360,117	144,1291	182,2329	372,1408	141,6283	282,3618	353,8225	130,7929	232,8161	384,9953	137,9012	233,5624	383,3553	
Cornflowerblue	Fill square	1002	2	158,5731	266,5605	387,1765	158,2465	169,4824	375,7526	155,3576	266,6773	385,7557	141,7662	216,7951	399,6463	151,5818	216,7764	398,9262	
Cornflowerblue	Fill square	1003	2	160,9487	232,9942	367,2332	174,8055	139,5447	366,541	155,4707	233,7713	365,8116	154,9578	183,8217	387,0396	163,1903	184,6069	384,2394	
Cornflowerblue	Fill square	1004	2	203,7211	246,3586	370,3845	190,2421	153,1364	371,7305	200,9006	248,2325	366,0378	185,0537	203,4577	389,0706	193,9089	199,9548	388,4258	
Cornflowerblue	Fill square	1009	2	164,5636	273,7997	356,5695	158,4303	172,637	358,0075	165,6062	274,7906	351,7658	147,2036	224,8105	378,2988	157,574	224,1367	377,7812	
Cornflowerblue	Fill square	1010	2	150,149	276,2352	362,397	157,8986	180,5355	359,6402	149,7341	279,1448	357,5207	141,6471	226,8245	379,6401	150,3039	227,5152	377,7663	
Cornflowerblue	Fill square	1013	2	153,7516	264,7279	373,2066	159,0675	173,7689	368,7736	151,2682	266,0725	370,3756	139,8795	218,2601	383,8103	151,4479	217,4803	385,2299	
Cornflowerblue	Fill square	1014	2	151,4637	272,2401	378,534	152,811	173,889	374,0555	151,5341	273,1099	373,8769	138,9462	219,3323	393,7154	150,0117	221,7266	393,9038	
Cornflowerblue	Fill square	1015	2	159,8856	229,7347	363,6622	172,905	141,6586	358,737	156,4615	230,5961	362,1122	148,8997	183,9087	379,3961	159,7	184,4805	378,3511	
Cornflowerblue	Fill square	1018	2	137,2126	248,4585	373,2403	154,4172	152,1003	367,765	134,1906	249,8673	369,0014	131,2412	197,5966	386,3208	139,4852	198,4003	386,3294	
Cornflowerblue	Fill square	1019	2	228,8865	221,4188	369,0812	200,6795	132,3453	369,7423	227,7401	223,9745	363,9706	203,0267	180,9448	385,6526	213,7158	178,1017	384,3037	
Cornflowerblue	Fill square	1020	2	156,9981	233,007	372,024	174,6955	140,0798	371,9615	154,314	235,0175	368,0618	153,5611	185,0402	391,6742	158,825	185,5028	391,1502	
Cornflowerblue	Fill square	1021	2	158,5205	271,7767	370,6729	160,9879	180,7264	366,9084	159,2425	271,9412	366,231	147,9095	224,1448	387,924	157,2599	224,4805	387,7444	
Cornflowerblue	Fill square	1025	2	111,0528	225,8059	321,2768	116,9432	129,2235	322,5939	111,3949	229,4225	317,3628	95,5935	175,3177	310,6732	98,0714	175,7847	319,8444	
Cornflowerblue	Fill square	1029	2	-204,0996	-228,666	273,3737	-157,2787	-144,9355	271,0604	-202,6233	-232,0235	273,9367	-170,4335	-192,325	295,4717	-177,213	-188,4762	292,5167	
Cornflowerblue	Fill square	1031	2	-215,3889	-231,4952	260,3853	-171,2887	-150,5974	266,109	-214,8065	-234,028	260,9851	-189,9526	-195,6397	286,5527	-197,8582	-190,3424	279,9042	
Cornflowerblue	Fill square	1037	2	-216,4053	-209,3364	265,2616	-165,4437	-130,2285	256,631	-215,5755	-213,5974	264,1499	-187,5774	-171,7873	281,9832	-191,9654	-168,561	278,8444	
Cornflowerblue	Fill square	1045	2	-205,5752	-181,7853	291,3043	-155,0526	-104,6657	290,0539	-205,2982	-184,9288	290,4681	-173,7579	-147,6355	308,4787	-179,0098	-143,0699	305,2315	
Cornflowerblue	Fill square	1048	2	-216,3764	-209,3429	272,3288	-170,3732	-125,9506	264,5084	-215,7222	-212,7772	271,7583	-190,3066	-166,7873	289,96	-194,3094	-165,2712	286,8004	
Cornflowerblue	Fill square	1053	2	-217,3049	-212,9597	266,7156	-167,9237	-132,768	262,7517	-215,8011	-216,4879	268,3794	-184,8596	-177,6565	290,8421	-191,4824	-173,5741	285,7832	
Cornflowerblue	Fill square	1055	2	-209,0232	-206,7279	270,104	-168,6686	-116,3847	291,7738	-206,6145	-210,3997	271,345	-184,9177	-168,5458	305,7474	-190,5409	-165,2762	301,0682	
Cornflowerblue	Fill square	1067	2	-202,5668	-221,5707	272,3693	-159,949	-139,1115	271,6562	-200,8367	-224,3933	271,9284	-175,743	-183,7231	290,1272	-184,9991	-178,5491	284,0143	
Cornflowerblue	Fill square	1068	2	-220,8875	-190,9372	285,4934	-172,7637	-100,9879	290,806	-218,9925	-195,4914	287,2317	-196,8526	-146,5022	316,4674	-200,7501	-144,7545	311,6825	
Cornflowerblue	Fill square	1084	2	158,4625	227,6372	295,8264	130,5232	138,6058	285,596	156,599	232,7411	295,3028	137,3376	184,1523	313,5696	144,5495	181,2637	308,4141	
Cornflowerblue	Fill square	1087	2	162,2835	238,1578	292,0428	139,369	145,5551	291,1471	159,4456	240,5079	293,3652	148,8635	192,5745	316,2558	155,9437	190,8343	311,1337	
Cornflowerblue	Fill square	1092	2	-204,6159	-197,4495	289,841	-165,5943	-113,8866	282,988	-201,3023	-201,8125	291,5169	-179,8885	-155,7225	306,5696	-185,6761	-153,3458	303,2175	
Cornflowerblue	Fill square	1094	2	-223,0745	-206,2996	271,3829	-168,6983	-128,6232	270,2813	-219,2122	-211,8001	273,9666	-192,1375	-170,7786	292,7856	-196,9104	-166,7144	289,0123	
Cornflowerblue	Fill square	1096	2	-236,492	-170,9312	277,1021	-178,2256	-97,1706	267,2824	-233,7142	-175,8431	278,7824	-201,3406	-137,2784	292,5045	-205,6823	-132,9801	288,6088	
Cornflowerblue	Fill square	1097	2	161,7796	228,6866	297,0762	137,3263	139,2349	288,542	159,507	230,9579	298,6231	143,2845	183,959	314,8681	148,9508	181,8319	308,0538	
Cornflowerblue	Fill square	1100	2	-229,6348	-180,1241	273,2228	-176,3988	-105,0236	269,0017	-227,5045	-184,0639	273,8492	-192,7667	-148,5401	292,4889	-197,365	-145,5334	290,6621	
Cornflowerblue	Fill square	1104	2	148,3967	242,2863	291,2092	133,5454	151,26	290,1388	144,8812	244,4278	292,0443	137,2145	196,7268	314,6433	142,07	196,0799	311,1128	
Cornflowerblue	Fill square	1105	2	-200,1908	-222,2787	282,3616	-141,8874	-136,8813	278,1953	-198,8553	-225,6216	283,6893	-164,0318	-183,2659	303,2591	-169,3531	-179,821	299,3452	
Cornflowerblue	Fill square	1112	2	142,4055	238,6312	283,93	114,608	145,4348	275,0188	139,1355	241,6097	284,7334	118,184	193,6567	302,8126	126,5108	191,104	298,9196	
Cornflowerblue	Fill square	1115	2	-203,5779	-233,3805	253,3936	-164,8345	-150,549	259,4821	-202,5315	-236,1485	253,455	-176,6569	-197,1896	276,0532	-183,5966	-193,9241	272,9406	
Cornflowerblue	Fill square	1116	2	-214,818	-210,3237	282,381	-160,0167	-135,813	281,3022	-213,5289	-215,3566	283,3144	-182,1786	-178,9794	303,0536	-186,5817	-175,2224	299,5747	
Cornflowerblue	Fill square	1117	2	-235,6447	-186,0292	284,8599	-187,9574	-106,6962	284,3016	-234,2944	-189,5519	285,9495	-212,699	-145,5656	310,2356	-218,0691	-142,593	302,0961	
Cornflowerblue	Fill square	1121	2	-219,1561	-180,8155	291,6912	-175,5798	-91,9125	286,3897	-215,4953	-184,548	294,1697	-192,8246	-136,62	314,2877	-198,8775	-133,6007	307,4395	
Cornflowerblue	Fill square	1123	2	146,9475	243,7396	293,0067	120,236	147,591	293,2608	143,4283	247,1256	293,3096	126,2825	197,798	320,3857	135,5789	194,8195	316,1551	
Cornflowerblue	Fill square	1124	2	-199,9613	-184,0493	298,5829	-145,5984	-99,467	294,2127	-196,4687	-187,961	299,479	-164,6686	-145,3135	323,3657	-172,5364	-140,2795	319,6176	
Cornflowerblue	Fill square	1133	2	-238,2719	-182,9002	283,4609	-190,9903	-105,6571	286,3204	-237,3819	-185,5092	283,374	-215,7874	-143,7937	304,8926	-220,5664	-140,9729	298,4821	
Cornflowerblue	Fill square	1134	2	-217,3194	-184,4983	304,8901	-164,1377	-102,5259	293,6514	-216,4185	-187,6847	305,2359	-186,4133	-146,0111	323,8276	-194,7222	-140,82	317,8853	
Cornflowerblue	Fill square	1135	2	112,463	265,313	297,1599	115,1246	170,4293	291,0594	108,9403	266,7979	298,883	108,8261	216,8481	316,6071	114,8033	217,7637	310,1167	
Cornflowerblue	Fill square	1137	2	-201,7017	-199,2793	281,4307	-164,8119	-107,2163	282,0215	-198,2719	-203,3943	281,1415	-175,9743	-156,772	301,3994	-182,0703	-153,6517	296,3775	
Brown	Fill square	1150	3	219,9623	-129,4425	313,4785	298,0905	-170,9873	325,6211	216,559	-132,746	310,831	256,9346	-149,5154	345,5602	261,1873	-143,3158	337,7253	
